0.2468
0.42
0.0628
0.0568
0.2048
0.3488
0.2524
0.096
0.1616
0.128
0.2268
0.6188
0.2112
0.0644
0.1404
0.0616
0.096
0.194
0.286
0.3276
0.1052
0.1672
0.4588
0.1896
0.2464
0.0964
0.2288
0.4888
0.1768
0.0884
0.424
0.0712
0.3912
0.1852
0.1724
0.1888
0.184
0.0668
0.1992
0.2116
0.4624
0.39
0.1644
0.2224
0.4932
0.1204
0.1548
0.1152
0.1788
0.1576
0.418
0.4436
0.2528
0.4748
0.3508
0.3268
0.0624
0.446
0.2476
0.3452
0.2072
0.258
0.1392
0.5236
0.2608
0.0492
0.0984
0.5076
0.2136
0.2504
0.258
0.4912
0.2516
0.1932
0.0556
0.3872
0.62
0.1764
0.188
0.1304
0.006
0.0836
0.4712
0.0948
0.1572
0.262
0.2528
0.1892
0.2672
0.1852
0.308
0.3324
0.0804
0.0404
0.4584
0.4624
0.1896
0.1996
0.1864
0.2128
0.0344
0.2456
0.186
0.0476
0.0524
0.0476
0.2796
0.2148
0.24
0.34
0.0748
0.0988
0.0912
0.2584
0.0736
0.0588
0.2916
0.0672
0.5312
0.108
0.3484
0.4396
0.2788
0.2744
0.1764
0.216
0.2456
0.0588
0.1976
0.5548
0.0576
0.1916
0.3432
0.3404
0.1644
0.4448
0.1128
0.238
0.4772
0.262
0.0628
0.4616
0.1016
0.2208
0.4796
0.1512
0.322
0.1124
0.122
0.2116
0.2164
0.168
0.4264
0.114
0.0548
0.078
0.5416
0.0524
0.0904
0.3192
0.1012
0.1672
0.1232
0.5156
0.1624
0.4016
0.1452
0.17
0.2976
0.0492
0.0344
0.5384
0.0648
0.2564
0.1416
0.2128
0.4332
0.1656
0.446
0.4468
0.3188
0.0984
0.3812
0.2528
0.066
0.1348
0.0552
0.378
0.4568
0.0524
0.2076
0.2176
0.1872
0.4228
0.114
0.2116
0.5696
0.2144
0.3728
0.006
0.0896
0.0436
0.1172
0.3324
0.1724
0.1856
0.4348
0.2556
0.2472
0.1272
0.3796
0.156
0.4236
0.2016
0.3964
0.1428
0.054
0.2072
0.2068
0.1184
0.1036
0.1092
0.078
0.4532
0.0236
0.2596
0.1588
0.166
0.09
0.3368
0.4816
0.1772
0.3968
0.1012
0.2416
0.3296
0.1092
0.4692
0.3804
0.206
0.4592
0.1344
0.3896
0.076
0.03
0.2552
0.0892
0.3164
0.1412
0.008
0.3676
0.144
0.2164
0.258
0.0984
0.184
0.1068
0.04
0.0808
0.212
0.1608
0.09
0.2572
0.2952
0.1008
0.
0.0372
0.56
0.0516
0.502
0.0996
0.1632
0.2052
0.1208
0.2672
0.1064
0.2284
0.4584
0.136
0.0464
0.4996
0.3012
0.3816
0.2396
0.3668
0.5044
0.022
0.2192
0.1992
0.0428
0.1032
0.174
0.446
0.1608
0.352
0.0992
0.3972
0.0628
0.2776
0.4328
0.0484
0.2116
0.1468
0.0928
0.368
0.1732
0.2084
0.16
0.0588
0.1176
0.0888
0.0568
0.3784
0.192
0.108
0.0864
0.0508
0.2464
0.4532
0.1956
0.1032
0.1996
0.2544
0.058
0.196
0.4384
0.4496
0.1176
0.0404
0.2192
0.49
0.37
0.2068
0.4332
0.5596
0.2912
0.1952
0.0672
0.0332
0.196
0.2032
0.21
0.1088
0.0944
0.1016
0.074
0.0568
0.1008
0.1128
0.3588
0.0564
0.1544
0.6168
0.212
0.3864
0.0832
0.1848
0.2988
0.5008
0.2732
0.4908
0.4788
0.3544
0.2456
0.4384
0.4148
0.4976
0.3188
0.1476
0.4468
0.4312
0.082
0.4472
0.0852
0.4012
0.4252
0.178
0.5444
0.0512
0.1156
0.0476
0.0552
0.1512
0.0492
0.1664
0.08
0.0644
0.3596
0.352
0.0968
0.216
0.4224
0.1464
0.328
0.1016
0.062
0.076
0.0928
0.2708
0.212
0.24
0.0484
0.058
0.108
0.4472
0.1696
0.1196
0.2988
0.2348
0.0528
0.0872
0.1944
0.0712
0.4396
0.028
0.0548
0.128
0.018
0.3452
0.252
0.3276
0.1148
0.5264
0.5016
0.3336
0.1272
0.1652
0.0968
0.006
0.0888
0.2136
0.2712
0.3668
0.0588
0.096
0.0844
0.4672
0.0988
0.6096
0.382
0.0704
0.5156
0.4952
0.4476
0.1048
0.4188
0.136
0.4848
0.5108
0.102
0.2868
0.694
0.0464
0.3288
0.0556
0.2724
0.4952
0.266
0.2524
0.1136
0.1744
0.2232
0.04
0.5244
0.1068
0.2464
0.0496
0.246
0.6164
0.3464
0.498
0.004
0.1556
0.2356
0.206
0.0832
0.2084
0.21
0.7216
0.05
0.2132
0.2188
0.032
0.0692
0.1128
0.2148
0.4344
0.1956
0.1228
0.2648
0.2056
0.122
0.0648
0.3148
0.0848
0.2008
0.1528
0.308
0.2244
0.2148
0.122
0.1416
0.3952
0.354
0.0684
0.1136
0.2596
0.3084
0.1024
0.1964
0.3348
0.1008
0.2552
0.0656
0.1136
0.0984
0.096
0.0976
0.3612
0.04
0.08
0.0892
0.4468
0.524
0.3396
0.5236
0.312
0.3564
0.5096
0.216
0.2008
0.0984
0.2816
0.4756
0.1044
0.72
0.2604
0.0892
0.1664
0.1764
0.076
0.0976
0.1628
0.0992
0.1448
0.484
0.1992
0.1152
0.3116
0.0876
0.3704
0.2996
0.3592
0.1832
0.2132
0.0664
0.4484
0.2436
0.0856
0.2328
0.1772
0.0844
0.1056
0.064
0.0608
0.13
0.0628
0.0524
0.4364
0.4908
0.3652
0.15
0.3224
0.1304
0.0656
0.5164
0.368
0.2444
0.0936
0.3712
0.1056
0.4428
0.422
0.4056
0.0568
0.4488
0.1388
0.1
0.0872
0.0836
0.0848
0.4092
0.04
0.2624
0.1764
0.112
0.1284
0.2156
0.4036
0.2076
0.1108
0.0592
0.0816
0.0784
0.484
0.5416
0.1132
0.1
0.3108
0.0896
0.062
0.3952
0.352
0.1712
0.25
0.254
0.2912
0.4224
0.1904
0.1904
0.058
0.0968
0.1896
0.044
0.2064
0.0556
0.2632
0.4504
0.716
0.5448
0.3528
0.3988
0.2796
0.198
0.3424
0.0928
0.2088
0.3768
0.1628
0.468
0.0224
0.056
0.0536
0.1912
0.5448
0.07
0.2144
0.098
0.3184
0.4476
0.3036
0.3044
0.1068
0.322
0.1616
0.2288
0.1992
0.212
0.2676
0.1352
0.0808
0.1896
0.1484
0.2156
0.4476
0.322
0.03
0.3712
0.1428
0.122
0.0792
0.0708
0.6956
0.0964
0.076
0.29
0.08
0.4068
0.0804
0.0544
0.0464
0.0896
0.438
0.2068
0.3228
0.1164
0.3108
0.6056
0.0892
0.0812
0.306
0.2236
0.1136
0.4828
0.0612
0.14
0.1996
0.2116
0.0836
0.3052
0.154
0.3648
0.2884
0.3816
0.338
0.1072
0.0632
0.5044
0.1652
0.5256
0.144
0.306
0.3316
0.4808
0.3436
0.0772
0.1284
0.1268
0.496
0.0544
0.2504
0.4396
0.0924
0.092
0.0628
0.3444
0.2144
0.276
0.0428
0.1244
0.1932
0.104
0.0864
0.0752
0.17
0.1712
0.1304
0.4472
0.2848
0.3192
0.0968
0.1876
0.37
0.2828
0.0788
0.0704
0.5728
0.4632
0.1868
0.1716
0.3012
0.3148
0.1932
0.5692
0.1752
0.078
0.164
0.1812
0.0908
0.3732
0.2228
0.0832
0.43
0.1888
0.228
0.096
0.19
0.0716
0.1572
0.8204
0.2116
0.2388
0.1088
0.274
0.3416
0.1828
0.2224
0.5156
0.2656
0.1852
0.2288
0.3068
0.1704
0.1808
0.1796
0.3372
0.2072
0.0828
0.2276
0.0812
0.8196
0.5736
0.3816
0.0752
0.5624
0.1872
0.4672
0.078
0.5252
0.0968
0.7096
0.7064
0.3716
0.1428
0.076
0.2356
0.1596
0.702
0.424
0.1704
0.0892
0.4408
0.1856
0.3212
0.1216
0.5824
0.1784
0.696
0.3336
0.1616
0.0556
0.1844
0.194
0.616
0.0424
0.0964
0.1784
0.216
0.184
0.3316
0.1908
0.2444
0.0936
0.186
0.1896
0.0836
0.6916
0.5508
0.2152
0.8252
0.0804
0.32
0.0724
0.1908
0.3048
0.3772
0.2428
0.1588
0.0728
0.1712
0.1812
0.3956
0.2216
0.1332
0.1872
0.3708
0.1764
0.1872
0.1064
0.0912
0.1876
0.5744
0.7032
0.348
0.1828
0.0796
0.1884
0.4424
0.5672
0.4284
0.1228
0.5836
0.262
0.13
0.1576
0.1228
0.2644
0.2516
0.1268
0.0992
0.186
0.1528
0.1808
0.0752
0.1872
0.1428
0.09
0.366
0.43
0.1796
0.0632
0.0964
0.3148
0.2268
0.044
0.32
0.11
0.4452
0.4788
0.0996
0.3816
0.3536
0.3612
0.3632
0.0928
0.1772
0.08
0.2144
0.1844
0.1852
0.0764
0.4424
0.0804
0.5168
0.0472
0.8296
0.442
0.8204
0.188
0.3992
0.0952
0.1748
0.4288
0.2088
0.194
0.2204
0.1688
0.256
0.5364
0.0784
0.0916
0.3552
0.2016
0.5852
0.3612
0.084
0.3044
0.0888
0.1836
0.2096
0.1036
0.7096
0.1748
0.2416
0.2732
0.0996
0.1876
0.2528
0.1152
0.1948
0.3848
0.6984
0.1772
0.1672
0.2032
0.126
0.1832
0.3776
0.1824
0.3584
0.108
0.0836
0.1924
0.2372
0.0856
0.3964
0.074
0.4392
0.2524
0.186
0.302
0.0828
0.2436
0.4236
0.1788
0.0964
0.1124
0.2504
0.0948
0.136
0.1712
0.1896
0.8192
0.2208
0.2888
0.0872
0.0944
0.5592
0.1836
0.2572
0.0752
0.1848
0.1712
0.4388
0.8328
0.0752
0.1776
0.2328
0.1872
0.1248
0.1836
0.0624
0.2772
0.1632
0.0812
0.08
0.1576
0.4312
0.1708
0.4444
0.6788
0.1704
0.1828
0.0876
0.7088
0.6984
0.1032
0.3164
0.1192
0.1008
0.1156
0.1732
0.1052
0.1872
0.1792
0.144
0.1008
0.1836
0.4436
0.1764
0.606
0.2112
0.1932
0.4424
0.422
0.2008
0.4136
0.168
0.506
0.0784
0.4408
0.3036
0.1808
0.0788
0.1496
0.186
0.5188
0.1644
0.1212
0.0884
0.216
0.078
0.3796
0.2044
0.0688
0.3568
0.198
0.1568
0.1228
0.3876
0.3996
0.1544
0.3088
0.2216
0.2868
0.1164
0.572
0.0952
0.558
0.3968
0.0468
0.0948
0.1996
0.3964
0.11
0.3804
0.1828
0.1956
0.286
0.1128
0.2584
0.0592
0.1684
0.158
0.0464
0.2452
0.1808
0.402
0.1132
0.7016
0.238
0.0936
0.1624
0.1968
0.3464
0.234
0.224
0.1692
0.47
0.0896
0.076
0.038
0.0656
0.686
0.1048
0.046
0.0828
0.1144
0.0844
0.2864
0.084
0.1024
0.264
0.302
0.3144
0.0984
0.4672
0.1824
0.5648
0.076
0.0756
0.066
0.1008
0.3216
0.5688
0.1704
0.092
0.1704
0.4228
0.8068
0.4208
0.1872
0.0932
0.2216
0.196
0.3796
0.514
0.4096
0.3588
0.4492
0.1408
0.0804
0.0752
0.3676
0.4368
0.068
0.1816
0.3324
0.092
0.0904
0.188
0.0424
0.174
0.1028
0.4476
0.1728
0.4064
0.0944
0.0792
0.0912
0.0816
0.5576
0.4
0.1828
0.1748
0.1816
0.172
0.2584
0.1088
0.662
0.5788
0.3344
0.18
0.6884
0.3028
0.1628
0.0508
0.2568
0.1992
0.1084
0.1656
0.0616
0.1888
0.3104
0.1612
0.4276
0.2052
0.1616
0.1308
0.294
0.06
0.25
0.2532
0.3004
0.3424
0.0868
0.4936
0.184
0.222
0.178
0.162
0.08
0.092
0.1112
0.326
0.1016
0.2348
0.2
0.108
0.4048
0.5612
0.1776
0.352
0.1676
0.176
0.3964
0.3932
0.2416
0.1808
0.432
0.1876
0.1856
0.4436
0.492
0.346
0.338
0.172
0.18
0.1936
0.104
0.4568
0.19
0.0928
0.1816
0.1136
0.102
0.1936
0.1792
0.164
0.1852
0.4708
0.182
0.4236
0.2048
0.1468
0.1952
0.176
0.2096
0.7044
0.1836
0.2116
0.1708
0.8132
0.3108
0.6908
0.2996
0.1536
0.0872
0.572
0.1876
0.3136
0.1916
0.1892
0.0976
0.088
0.0888
0.204
0.0924
0.4432
0.102
0.154
0.2084
0.1776
0.4756
0.1936
0.2488
0.246
0.1864
0.0584
0.1272
0.0744
0.3392
0.6968
0.1828
0.1076
0.3248
0.0912
0.2388
0.1884
0.1812
0.1032
0.1868
0.0548
0.1056
0.1376
0.1684
0.2052
0.0828
0.068
0.1628
0.5828
0.3608
0.5016
0.1404
0.072
0.1012
0.3176
0.1696
0.3356
0.5612
0.3792
0.4516
0.5684
0.0896
0.416
0.4588
0.3324
0.1492
0.3072
0.1764
0.1908
0.0872
0.1884
0.3568
0.3764
0.4444
0.1356
0.1656
0.1684
0.1044
0.324
0.4528
0.2212
0.0992
0.6976
0.0944
0.1652
0.254
0.0984
0.18
0.0964
0.1824
0.2672
0.076
0.6876
0.2136
0.8176
0.17
0.2268
0.0832
0.1852
0.4432
0.0812
0.2248
0.3016
0.1836
0.1096
0.1728
0.3432
0.2252
0.576
0.39
0.2552
0.3728
0.2608
0.694
0.3456
0.2552
0.3648
0.0628
0.3028
0.3404
0.1792
0.2768
0.168
0.4352
0.1836
0.4372
0.1784
0.0816
0.3284
0.0888
0.2504
0.2012
0.5352
0.1812
0.1032
0.8232
0.184
0.1096
0.382
0.122
0.114
0.1684
0.034
0.044
0.2344
0.4196
0.1576
0.184
0.1752
0.2992
0.72
0.4148
0.0892
0.1732
0.3432
0.0964
0.5656
0.244
0.1896
0.5256
0.3008
0.0924
0.0624
0.2368
0.1736
0.1796
0.1656
0.432
0.2268
0.2408
0.4252
0.3784
0.1812
0.322
0.4076
0.44
0.2296
0.566
0.1856
0.2004
0.3012
0.0896
0.6852
0.1804
0.0652
0.1444
0.1812
0.0796
0.0812
0.3136
0.0952
0.1272
0.2972
0.332
0.0992
0.1024
0.2648
0.0628
0.0744
0.0928
0.0832
0.2124
0.3444
0.2456
0.4344
0.5808
0.1208
0.5664
0.308
0.6964
0.5428
0.3532
0.3728
0.5072
0.7004
0.2952
0.5772
0.5584
0.6948
0.2616
0.6852
0.2472
0.7932
0.5804
0.1432
0.8272
0.6212
0.3076
0.2172
0.3136
0.5696
0.0548
0.6324
0.4788
0.0792
0.4116
0.6932
0.4452
0.7068
0.522
0.0892
0.2016
0.5708
0.508
0.3108
0.468
0.216
0.1084
0.7056
0.456
0.628
0.3952
0.456
0.398
0.7148
0.6572
0.6188
0.2604
0.5424
0.6972
0.3856
0.458
0.5288
0.4224
0.6548
0.566
0.498
0.5156
0.2628
0.1448
0.4716
0.206
0.622
0.2816
0.276
0.7868
0.2776
0.5976
0.5424
0.2052
0.1708
0.5724
0.582
0.5732
0.2248
0.304
0.0868
0.528
0.3088
0.1316
0.252
0.342
0.5804
0.2748
0.4872
0.0904
0.5724
0.2
0.5816
0.1996
0.3132
0.6256
0.1924
0.6328
0.2296
0.6628
0.4516
0.5524
0.518
0.3888
0.4292
0.4216
0.4016
0.8256
0.2036
0.5012
0.4012
0.2144
0.5412
0.1992
0.5104
0.3088
0.5548
0.4888
0.6812
0.5196
0.5684
0.3228
0.4532
0.304
0.3484
0.4436
0.5556
0.434
0.344
0.1888
0.6748
0.6936
0.2468
0.4668
0.2564
0.4768
0.564
0.5876
0.542
0.2476
0.0792
0.112
0.5684
0.3356
0.4072
0.3952
0.696
0.5652
0.6804
0.8036
0.4876
0.828
0.2552
0.5112
0.144
0.69
0.4096
0.4476
0.8052
0.3736
0.5548
0.1956
0.718
0.8256
0.1224
0.3872
0.7116
0.4932
0.7592
0.3824
0.3048
0.8236
0.2488
0.52
0.3056
0.5508
0.6832
0.5364
0.7112
0.5056
0.42
0.2532
0.4152
0.3032
0.7116
0.128
0.5632
0.5372
0.2124
0.6252
0.06
0.258
0.5832
0.2748
0.2156
0.4296
0.2984
0.746
0.386
0.546
0.2068
0.2184
0.4064
0.2776
0.3244
0.4336
0.3372
0.6996
0.592
0.7044
0.3864
0.6104
0.554
0.5364
0.542
0.4204
0.5412
0.6388
0.454
0.492
0.7096
0.0796
0.2276
0.0972
0.6264
0.5532
0.5684
0.61
0.3008
0.5416
0.4468
0.6904
0.4924
0.6916
0.0788
0.4352
0.7028
0.4704
0.566
0.4804
0.4944
0.3988
0.5784
0.6948
0.4468
0.422
0.6072
0.4932
0.402
0.3672
0.5264
0.594
0.5288
0.2196
0.268
0.5868
0.1164
0.6928
0.4444
0.2928
0.4592
0.6496
0.2752
0.5208
0.0928
0.5712
0.2596
0.578
0.5712
0.8244
0.2948
0.562
0.2
0.4372
0.8084
0.6764
0.496
0.6976
0.3736
0.2916
0.3872
0.368
0.146
0.4656
0.454
0.5452
0.1992
0.4868
0.5604
0.2532
0.558
0.566
0.8236
0.4348
0.6604
0.48
0.3636
0.192
0.6528
0.6964
0.2116
0.4384
0.1688
0.5884
0.3328
0.2016
0.5648
0.7092
0.4144
0.0596
0.5348
0.6124
0.1608
0.8016
0.1912
0.8092
0.3912
0.1464
0.1188
0.122
0.2776
0.6272
0.6372
0.4788
0.2864
0.2584
0.5812
0.4636
0.6904
0.2568
0.594
0.5332
0.828
0.4468
0.1856
0.5808
0.5424
0.4736
0.51
0.5664
0.2256
0.5032
0.6924
0.566
0.1552
0.3336
0.4472
0.2316
0.31
0.2016
0.2156
0.8252
0.5292
0.48
0.52
0.6808
0.5836
0.6508
0.064
0.5472
0.6704
0.2348
0.4344
0.564
0.6556
0.1244
0.6168
0.684
0.6664
0.5428
0.526
0.6488
0.4964
0.8212
0.5852
0.35
0.566
0.3144
0.8064
0.5708
0.5924
0.5748
0.4328
0.5664
0.4872
0.4092
0.6292
0.1136
0.6348
0.4572
0.2568
0.5692
0.4992
0.5244
0.5612
0.2548
0.4712
0.6636
0.6224
0.2676
0.44
0.468
0.5636
0.2004
0.6824
0.4644
0.6372
0.2092
0.502
0.6808
0.3572
0.4536
0.6972
0.4968
0.5544
0.6892
0.2116
0.8204
0.4368
0.69
0.4372
0.676
0.1196
0.1988
0.3648
0.5792
0.2372
0.2616
0.224
0.4816
0.682
0.4996
0.8228
0.1432
0.5792
0.4288
0.5296
0.4256
0.0948
0.208
0.5292
0.2876
0.2004
0.474
0.2192
0.2912
0.4064
0.0948
0.4436
0.7304
0.2384
0.3952
0.7164
0.6096
0.298
0.0472
0.214
0.598
0.6684
0.2428
0.49
0.4356
0.698
0.5472
0.45
0.4996
0.0776
0.6928
0.2156
0.4036
0.5392
0.1812
0.1912
0.6956
0.5852
0.8092
0.5044
0.5616
0.5032
0.5296
0.6144
0.2496
0.4228
0.3632
0.6944
0.144
0.6164
0.424
0.1888
0.5792
0.4052
0.5904
0.1716
0.6112
0.38
0.4332
0.5812
0.5684
0.534
0.6276
0.3088
0.5504
0.2404
0.6204
0.4396
0.6148
0.5188
0.7992
0.7304
0.5768
0.158
0.1724
0.1796
0.3708
0.4648
0.4888
0.4624
0.3068
0.436
0.4844
0.2052
0.5216
0.6024
0.4588
0.4036
0.5624
0.2124
0.5772
0.0932
0.4904
0.2548
0.4784
0.2484
0.2932
0.2844
0.6488
0.6972
0.5744
0.5628
0.5624
0.544
0.6976
0.3252
0.6464
0.7048
0.398
0.1156
0.7208
0.45
0.308
0.6956
0.2164
0.524
0.4808
0.3092
0.5348
0.696
0.4532
0.8108
0.4464
0.3184
0.196
0.5852
0.5364
0.4468
0.6932
0.2472
0.6888
0.656
0.1804
0.1268
0.152
0.2924
0.4764
0.3684
0.696
0.6956
0.6968
0.6076
0.1604
0.4764
0.0448
0.4536
0.2164
0.3024
0.7044
0.3244
0.2872
0.3688
0.5068
0.5608
0.6328
0.1384
0.6812
0.238
0.2132
0.4128
0.2288
0.8044
0.2448
0.2528
0.4904
0.2048
0.2128
0.5272
0.5708
0.194
0.6752
0.0872
0.386
0.5484
0.4
0.8268
0.554
0.6996
0.572
0.1228
0.2692
0.2592
0.2496
0.4448
0.7248
0.176
0.3968
0.6828
0.448
0.7244
0.5264
0.412
0.5332
0.088
0.4884
0.42
0.4788
0.7836
0.5504
0.2056
0.2568
0.364
0.7
0.2636
0.6836
0.4244
0.3312
0.6424
0.4308
0.0996
0.3792
0.4808
0.4804
0.2992
0.6916
0.4424
0.51
0.4932
0.4052
0.3272
0.544
0.696
0.1088
0.4868
0.546
0.5972
0.698
0.5976
0.164
0.1876
0.5708
0.5036
0.2928
0.1556
0.4068
0.286
0.51
0.5584
0.306
0.6044
0.5336
0.1872
0.5824
0.2452
0.2728
0.238
0.4084
0.5384
0.7096
0.6752
0.6248
0.2512
0.1388
0.1104
0.076
0.4276
0.514
0.364
0.5976
0.4672
0.5452
0.5348
0.2648
0.522
0.3016
0.6904
0.5656
0.4676
0.6944
0.2392
0.44
0.8076
0.5012
0.3256
0.7508
0.5332
0.6952
0.4892
0.5792
0.5432
0.482
0.568
0.5324
0.3904
0.5856
0.4756
0.6704
0.6944
0.5396
0.6808
0.1628
0.2804
0.1228
0.5868
0.5368
0.434
0.1648
0.2776
0.442
0.5256
0.5056
0.462
0.3948
0.3184
0.2484
0.1712
0.43
0.2492
0.5508
0.15
0.156
0.4388
0.1992
0.4348
0.6256
0.3232
0.6256
0.1428
0.5932
0.5168
0.2472
0.5524
0.4644
0.2604
0.2852
0.2076
0.3712
0.5812
0.5836
0.1896
0.3032
0.4396
0.3984
0.3652
0.6564
0.216
0.2948
0.1612
0.4576
0.3504
0.4768
0.3876
0.4112
0.226
0.4292
0.2176
0.276
0.622
0.3224
0.458
0.4692
0.2468
0.2592
0.228
0.45
0.394
0.3972
0.5264
0.2552
0.4248
0.5228
0.542
0.0988
0.5544
0.1708
0.4748
0.3908
0.5664
0.2556
0.2512
0.2512
0.2768
0.4744
0.5252
0.5364
0.14
0.432
0.6304
0.1936
0.2868
0.5016
0.484
0.54
0.5032
0.6316
0.6884
0.4244
0.4996
0.4452
0.1212
0.3508
0.6856
0.5352
0.4696
0.1068
0.6868
0.54
0.2276
0.4412
0.4284
0.2572
0.4264
0.5388
0.442
0.4384
0.2708
0.4004
0.5612
0.4356
0.2472
0.626
0.3036
0.3052
0.2076
0.1876
0.5264
0.5192
0.4676
0.1908
0.2184
0.3844
0.668
0.43
0.1956
0.308
0.4324
0.4576
0.432
0.5264
0.6572
0.1168
0.4228
0.476
0.62
0.5744
0.272
0.5404
0.528
0.5708
0.3064
0.2184
0.3644
0.166
0.4356
0.4272
0.5176
0.3064
0.3572
0.4588
0.4296
0.5076
0.266
0.494
0.3916
0.4464
0.3792
0.2992
0.432
0.314
0.3052
0.5912
0.2292
0.4264
0.4484
0.1668
0.4124
0.666
0.5824
0.184
0.2624
0.6056
0.2648
0.6116
0.5284
0.4292
0.104
0.4328
0.1972
0.3896
0.3924
0.4712
0.4824
0.4296
0.43
0.6236
0.1024
0.5
0.5628
0.4156
0.4692
0.2228
0.4716
0.3972
0.3928
0.2964
0.4212
0.3464
0.5432
0.4848
0.3992
0.1432
0.4184
0.1984
0.1744
0.3116
0.6876
0.6088
0.584
0.4152
0.54
0.6876
0.5056
0.1112
0.532
0.5244
0.5604
0.5512
0.4708
0.3484
0.1272
0.3636
0.4312
0.4792
0.4708
0.1916
0.6184
0.1352
0.5892
0.216
0.2164
0.6264
0.2984
0.6316
0.5124
0.6212
0.206
0.0932
0.2828
0.3892
0.3516
0.61
0.4148
0.4292
0.1632
0.3148
0.5088
0.432
0.4712
0.1564
0.534
0.1456
0.3892
0.5888
0.5128
0.2936
0.4748
0.3896
0.6492
0.2072
0.4436
0.1916
0.6684
0.2016
0.434
0.152
0.4276
0.206
0.5404
0.5432
0.3184
0.5336
0.5584
0.602
0.4848
0.3832
0.4796
0.684
0.2828
0.194
0.6128
0.5908
0.1452
0.4308
0.4816
0.31
0.2636
0.4836
0.6864
0.4828
0.6664
0.1908
0.3912
0.46
0.52
0.5624
0.5276
0.3072
0.532
0.4004
0.4448
0.182
0.4956
0.506
0.7644
0.1604
0.606
0.0984
0.6088
0.1112
0.4824
0.3908
0.4228
0.5272
0.5016
0.364
0.5344
0.1008
0.7752
0.5256
0.2136
0.394
0.3876
0.3944
0.4268
0.1276
0.4572
0.3036
0.6452
0.1536
0.304
0.5
0.3072
0.1636
0.4296
0.3808
0.1868
0.2096
0.438
0.1916
0.5256
0.4892
0.3936
0.4384
0.2276
0.2668
0.4072
0.4772
0.532
0.3008
0.2104
0.2768
0.4864
0.2276
0.26
0.4896
0.3028
0.154
0.3444
0.4444
0.2128
0.5536
0.166
0.502
0.3676
0.5648
0.1668
0.2088
0.2404
0.6428
0.216
0.1832
0.1516
0.6176
0.3528
0.3884
0.418
0.3196
0.4316
0.4164
0.202
0.5876
0.2984
0.4808
0.4788
0.312
0.3748
0.2972
0.2624
0.4704
0.4952
0.3048
0.1488
0.5876
0.1616
0.5024
0.16
0.4752
0.3044
0.1812
0.598
0.4228
0.31
0.2996
0.2224
0.438
0.3112
0.446
0.2088
0.2676
0.388
0.1964
0.6828
0.3912
0.198
0.3032
0.43
0.3072
0.2224
0.2088
0.5948
0.436
0.5004
0.5356
0.3216
0.6252
0.1624
0.5228
0.4028
0.2624
0.5924
0.5036
0.5788
0.5024
0.1568
0.4256
0.4704
0.49
0.4868
0.6188
0.484
0.5676
0.2
0.3056
0.472
0.5212
0.4548
0.1632
0.3956
0.5708
0.4996
0.4192
0.3632
0.4324
0.474
0.5996
0.2344
0.2252
0.4084
0.512
0.4296
0.1916
0.5284
0.5712
0.3928
0.6728
0.6464
0.244
0.2088
0.3048
0.6256
0.4792
0.5932
0.3776
0.2676
0.3916
0.3976
0.5956
0.4208
0.5864
0.508
0.4924
0.4512
0.2596
0.3688
0.3808
0.3488
0.54
0.4264
0.4616
0.3096
0.2028
0.552
0.5808
0.4352
0.3752
0.4508
0.4708
0.3556
0.472
0.442
0.3032
0.2456
0.474
0.5992
0.4784
0.3896
0.3984
0.4316
0.0608
0.3968
0.4336
0.4304
0.3428
0.4436
0.2344
0.1516
0.6488
0.4276
0.1844
0.4852
0.3756
0.57
0.2732
0.4964
0.4768
0.3908
0.4348
0.3004
0.2224
0.3052
0.2992
0.13
0.14
0.4216
0.2124
0.4908
0.3592
0.5616
0.4252
0.536
0.4396
0.3012
0.4312
0.1688
0.466
0.3652
0.27
0.4336
0.5284
0.1572
0.3236
0.2116
0.4112
0.3924
0.5608
0.2504
0.4828
0.1136
0.1532
0.5072
0.19
0.254
0.6304
0.5708
0.4508
0.4916
0.336
0.2688
0.2508
0.25
0.2196
0.4608
0.6884
0.3904
0.6528
0.4356
0.3936
0.6184
0.2812
0.5172
0.2592
0.2796
0.3052
0.484
0.6328
0.3896
0.3076
0.432
0.4304
0.5988
0.4288
0.3304
0.3484
0.5524
0.298
0.388
0.4768
0.284
0.3076
0.444
0.2136
0.5236
0.5872
0.4936
0.606
0.1616
0.488
0.2068
0.484
0.6336
0.4332
0.4704
0.606
0.5408
0.1416
0.474
0.492
0.166
0.3872
0.092
0.3896
0.1892
0.444
0.5696
0.2628
0.396
0.2364
0.2876
0.2244
0.5084
0.4804
0.2388
0.2552
0.4896
0.1196
0.5824
0.39
0.5384
0.4144
0.5536
0.4892
0.5208
0.4244
0.5692
0.1168
0.3428
0.5296
0.53
0.4256
0.472
0.4356
0.1688
0.6048
0.6116
0.2672
0.3364
0.2076
0.2284
0.4036
0.5884
0.4592
0.046
0.5776
0.5628
0.5296
0.5116
0.5412
0.2996
0.4992
0.4208
0.5112
0.6656
0.3088
0.4404
0.4464
0.3968
0.4704
0.334
0.3084
0.2168
0.506
0.4436
0.5824
0.4032
0.5308
0.304
0.3524
0.2776
0.5356
0.464
0.436
0.4336
0.4552
0.3384
0.5556
0.532
0.5372
0.5392
0.1524
0.472
0.4768
0.2484
0.2948
0.4292
0.3532
0.3908
0.2816
0.616
0.4272
0.2804
0.302
0.222
0.4844
0.5232
0.2036
0.3024
0.3084
0.1596
0.4916
0.2612
0.4616
0.4836
0.5296
0.1588
0.3884
0.4996
0.6056
0.5652
0.3936
0.4924
0.4468
0.5556
0.4484
0.6168
0.5
0.446
0.4988
0.5404
0.4144
0.6556
0.6316
0.5428
0.7196
0.5836
0.432
0.5244
0.4948
0.734
0.538
0.4688
0.5072
0.4808
0.4064
0.474
0.442
0.4808
0.5252
0.4128
0.4356
0.662
0.4736
0.5012
0.4712
0.4312
0.4172
0.5884
0.3364
0.604
0.4656
0.5364
0.494
0.598
0.7188
0.5
0.5016
0.5088
0.5604
0.4984
0.4892
0.5456
0.4644
0.43
0.6444
0.5692
0.5488
0.5036
0.4992
0.5516
0.5104
0.5036
0.4128
0.3912
0.6292
0.4884
0.5728
0.4748
0.5268
0.3916
0.7316
0.5684
0.6484
0.3596
0.5004
0.4936
0.4836
0.4724
0.4992
0.4452
0.5728
0.512
0.5032
0.4508
0.4384
0.4936
0.4628
0.4268
0.5012
0.5044
0.6072
0.4344
0.6288
0.5004
0.642
0.4572
0.4728
0.4848
0.3688
0.5008
0.3548
0.4964
0.422
0.5072
0.458
0.4388
0.5024
0.6036
0.5032
0.6968
0.4692
0.546
0.4684
0.56
0.5908
0.5944
0.5472
0.494
0.5444
0.512
0.4804
0.5084
0.5072
0.506
0.4872
0.5748
0.4272
0.5012
0.4856
0.5016
0.472
0.4452
0.6728
0.4972
0.4492
0.484
0.4848
0.4384
0.4568
0.5676
0.5084
0.5652
0.5436
0.4424
0.6464
0.5736
0.4748
0.4888
0.538
0.4792
0.5264
0.404
0.5308
0.4312
0.5524
0.4668
0.428
0.6104
0.5116
0.5008
0.5044
0.5556
0.506
0.4736
0.446
0.4724
0.5712
0.4192
0.4068
0.4144
0.5236
0.5436
0.5024
0.4784
0.4824
0.5044
0.5052
0.466
0.5
0.6768
0.4
0.5464
0.504
0.4164
0.4948
0.5028
0.488
0.5664
0.394
0.3604
0.562
0.4104
0.6336
0.5124
0.5084
0.5016
0.5452
0.4868
0.4112
0.4444
0.5016
0.4792
0.534
0.4788
0.4744
0.44
0.4328
0.6576
0.4956
0.4924
0.6084
0.4436
0.5664
0.4096
0.5284
0.4784
0.5064
0.4456
0.462
0.5148
0.4044
0.67
0.514
0.448
0.4904
0.5044
0.526
0.5364
0.6652
0.4712
0.3644
0.5556
0.4484
0.4632
0.482
0.4276
0.4712
0.6348
0.6548
0.5684
0.5188
0.606
0.6028
0.5468
0.506
0.6336
0.4272
0.5336
0.398
0.4976
0.5304
0.488
0.4284
0.51
0.468
0.2776
0.526
0.45
0.4928
0.4416
0.4436
0.504
0.4828
0.4832
0.4556
0.41
0.5708
0.498
0.6536
0.6028
0.5332
0.644
0.604
0.4128
0.4096
0.4468
0.622
0.5028
0.4508
0.6012
0.552
0.5004
0.4124
0.552
0.444
0.5308
0.3912
0.5336
0.506
0.4908
0.5404
0.4824
0.5096
0.4164
0.428
0.5052
0.4692
0.4124
0.5408
0.504
0.502
0.5032
0.5684
0.4352
0.4664
0.4684
0.5348
0.4992
0.5728
0.4192
0.5596
0.454
0.4984
0.4824
0.3668
0.4888
0.5344
0.6572
0.4736
0.516
0.416
0.4764
0.4112
0.4808
0.362
0.5388
0.536
0.722
0.5348
0.4416
0.5004
0.5408
0.4856
0.5028
0.6008
0.4988
0.6232
0.508
0.612
0.4608
0.6496
0.4452
0.41
0.4848
0.498
0.5912
0.6712
0.49
0.4924
0.536
0.5656
0.5232
0.4416
0.5012
0.4448
0.5752
0.4644
0.5632
0.5208
0.646
0.4176
0.6256
0.5504
0.5096
0.54
0.5276
0.616
0.546
0.44
0.4732
0.4152
0.5876
0.4728
0.5204
0.572
0.5416
0.5188
0.4504
0.4652
0.4884
0.4316
0.5928
0.4592
0.4324
0.3912
0.5016
0.5144
0.5072
0.5248
0.5104
0.5016
0.5148
0.6588
0.758
0.5104
0.4828
0.4864
0.5772
0.504
0.5132
0.7068
0.4508
0.4804
0.522
0.5372
0.5664
0.444
0.4348
0.566
0.5608
0.4684
0.4708
0.5372
0.4712
0.642
0.5124
0.4708
0.5028
0.5452
0.5332
0.4312
0.5
0.4284
0.4128
0.41
0.6164
0.4828
0.6548
0.4904
0.5476
0.4364
0.4956
0.448
0.4844
0.4696
0.602
0.4944
0.5004
0.5516
0.5028
0.5164
0.4512
0.4724
0.596
0.4784
0.5032
0.4732
0.4696
0.604
0.3932
0.5076
0.4136
0.5064
0.5996
0.4608
0.4816
0.4452
0.4988
0.4976
0.4096
0.5924
0.4292
0.5568
0.4564
0.4184
0.5248
0.462
0.4164
0.6856
0.7156
0.4248
0.5044
0.508
0.5476
0.54
0.7628
0.494
0.5124
0.3612
0.6728
0.46
0.5004
0.408
0.4212
0.4236
0.4176
0.4472
0.494
0.5668
0.5004
0.5076
0.5364
0.5388
0.5044
0.5372
0.494
0.4492
0.4672
0.4108
0.5088
0.4548
0.4692
0.4368
0.6092
0.4948
0.4948
0.4296
0.4076
0.4456
0.5012
0.4712
0.4176
0.4996
0.4288
0.4748
0.5284
0.5008
0.5692
0.5116
0.5016
0.6068
0.5016
0.6612
0.418
0.4348
0.4712
0.3552
0.5012
0.4992
0.4044
0.4768
0.6088
0.526
0.4736
0.5124
0.5084
0.4752
0.5092
0.6536
0.4552
0.4112
0.5
0.7092
0.3928
0.5016
0.4412
0.354
0.5996
0.47
0.4948
0.376
0.6292
0.4732
0.516
0.4824
0.4984
0.4908
0.6516
0.508
0.564
0.4772
0.4112
0.4732
0.5012
0.6384
0.4632
0.4436
0.4936
0.506
0.6932
0.5804
0.614
0.6144
0.5352
0.3216
0.7624
0.464
0.486
0.4768
0.4784
0.6056
0.4452
0.4064
0.4476
0.3904
0.5836
0.4932
0.4928
0.528
0.4876
0.4984
0.4096
0.4172
0.6392
0.4816
0.468
0.5452
0.5004
0.4772
0.4528
0.3932
0.5296
0.5704
0.4964
0.4152
0.6572
0.5048
0.4904
0.5008
0.5668
0.4304
0.4056
0.502
0.5044
0.3704
0.4964
0.5732
0.4968
0.3712
0.4748
0.4704
0.5712
0.4824
0.4596
0.4808
0.4348
0.4228
0.4952
0.362
0.522
0.3968
0.5148
0.5016
0.5532
0.618
0.4584
0.4772
0.4616
0.5436
0.5596
0.5964
0.3752
0.4812
0.4984
0.486
0.4236
0.656
0.546
0.5772
0.4512
0.5108
0.4048
0.4984
0.618
0.4172
0.396
0.5096
0.4476
0.558
0.6032
0.466
0.4708
0.5072
0.426
0.4892
0.414
0.5044
0.4448
0.5536
0.5028
0.4928
0.5464
0.4368
0.5288
0.5368
0.5016
0.534
0.4948
0.498
0.59
0.4788
0.598
0.5056
0.4772
0.4952
0.4192
0.514
0.5088
0.446
0.5084
0.4472
0.482
0.4996
0.39
0.3232
0.4732
0.504
0.536
0.5668
0.5212
0.4692
0.5016
0.4844
0.4744
0.448
0.4956
0.5444
0.6452
0.6024
0.5248
0.5112
0.468
0.6692
0.5996
0.522
0.5104
0.5624
0.6288
0.4296
0.5808
0.4492
0.648
0.556
0.4804
0.4596
0.6948
0.5064
0.6512
0.4944
0.5132
0.5164
0.4104
0.5104
0.5092
0.5976
0.5964
0.5044
0.4956
0.7072
0.5128
0.6148
0.494
0.462
0.6268
0.482
0.4392
0.636
0.4664
0.4384
0.5024
0.5004
0.5448
0.5272
0.6556
0.4712
0.5044
0.5404
0.5084
0.4648
0.5576
0.6128
0.5052
0.504
0.5348
0.5268
0.5288
0.6108
0.4188
0.5388
0.4992
0.5
0.4696
0.4748
0.432
0.422
0.502
0.57
0.5432
0.4528
0.4908
0.5388
0.5812
0.6028
0.5044
0.5112
0.4648
0.5048
0.6256
0.6236
0.4896
0.5088
0.5008
0.4868
0.536
0.5016
0.5
0.504
0.51
0.614
0.5612
0.4548
0.3816
0.5052
0.5204
0.6368
0.6708
0.5144
0.496
0.6052
0.5768
0.468
0.6024
0.6216
0.5852
0.5796
0.4076
0.5696
0.5228
0.3968
0.4908
0.536
0.506
0.4588
0.582
0.4844
0.4364
0.442
0.534
0.4716
0.5088
0.4504
0.5128
0.5184
0.552
0.5592
0.468
0.686
0.5072
0.5544
0.57
0.7072
0.5044
0.4896
0.5052
0.504
0.5012
0.5044
0.4816
0.5264
0.7044
0.5036
0.4544
0.4244
0.618
0.5684
0.3616
0.5044
0.5128
0.4424
0.7036
0.4484
0.586
0.4824
0.442
0.4328
0.48
0.6924
0.5448
0.5228
0.4288
0.538
0.5044
0.6152
0.5092
0.4292
0.5992
0.5032
0.4852
0.5388
0.4768
0.5016
0.398
0.5712
0.5044
0.514
0.4912
0.4332
0.388
0.5008
0.612
0.562
0.5028
0.478
0.5032
0.6948
0.5676
0.48
0.5004
0.4688
0.5548
0.4472
0.5044
0.5896
0.498
0.5212
0.3916
0.58
0.5256
0.61
0.5004
0.43
0.5188
0.6412
0.6132
0.6308
0.716
0.5628
0.504
0.5408
0.3976
0.4636
0.6644
0.5984
0.5644
0.4884
0.548
0.5048
0.59
0.4188
0.532
0.4816
0.4772
0.5028
0.5096
0.5028
0.5044
0.5044
0.4888
0.5108
0.5668
0.464
0.5192
0.4708
0.5904
0.484
0.4456
0.606
0.64
0.5428
0.5192
0.5016
0.486
0.4444
0.4324
0.4464
0.4388
0.5104
0.4468
0.5092
0.5652
0.5676
0.5036
0.6048
0.36
0.5868
0.5068
0.4868
0.4192
0.5052
0.502
0.48
0.5548
0.5636
0.5864
0.5244
0.4464
0.496
0.6516
0.5324
0.624
0.5008
0.604
0.5028
0.552
0.5348
0.6116
0.5028
0.4684
0.3944
0.4992
0.5596
0.6024
0.5036
0.5228
0.374
0.5496
0.4948
0.3956
0.5024
0.5208
0.57
0.4712
0.4792
0.5936
0.4424
0.442
0.5512
0.5728
0.4892
0.5028
0.486
0.5616
0.4412
0.5032
0.5008
0.4996
0.5028
0.4932
0.6208
0.4468
0.4864
0.4812
0.5072
0.4952
0.4768
0.5148
0.5192
0.5472
0.4576
0.6232
0.5492
0.5
0.5008
0.4768
0.612
0.5888
0.504
0.6436
0.4804
0.44
0.5028
0.5496
0.7396
0.4864
0.7224
0.5536
0.4844
0.4228
0.5012
0.5704
0.64
0.504
0.408
0.5036
0.5772
0.502
0.4584
0.3752
0.54
0.4064
0.5028
0.5016
0.7628
0.5408
0.5052
0.5064
0.518
0.5044
0.5084
0.4616
0.5056
0.5428
0.5652
0.4872
0.67
0.6808
0.4896
0.55
0.724
0.5784
0.5032
0.504
0.5048
0.604
0.6048
0.5124
0.4752
0.5456
0.4688
0.4124
0.4996
0.5528
0.44
0.464
0.5352
0.5004
0.4672
0.504
0.5024
0.5012
0.468
0.5012
0.5344
0.5016
0.4636
0.4688
0.5396
0.6024
0.5124
0.5224
0.5864
0.4568
0.6188
0.4812
0.4644
0.6612
0.4704
0.5096
0.5604
0.5044
0.604
0.4804
0.5136
0.4724
0.4972
0.4584
0.4868
0.5072
0.4344
0.5032
0.4316
0.588
0.4224
0.468
0.4696
0.4992
0.5284
0.4216
0.5804
0.5056
0.4632
0.4372
0.4844
0.4388
0.506
0.5036
0.5028
0.6996
0.5048
0.4992
0.5028
0.5336
0.5304
0.5936
0.588
0.4716
0.5068
0.4984
0.474
0.4116
0.5268
0.6196
0.538
0.5732
0.496
0.4992
0.6032
0.6828
0.5812
0.754
0.6032
0.5356
0.6168
0.5028
0.5036
0.66
0.5388
0.4352
0.4992
0.5908
0.636
0.568
0.5244
0.5096
0.7236
0.5008
0.5284
0.3836
0.466
0.488
0.5016
0.5692
0.492
0.5092
0.5212
0.528
0.5728
0.44
0.5044
0.4292
0.5032
0.6068
0.5032
0.5284
0.5608
0.532
0.4324
0.4764
0.4492
0.5164
0.45
0.5524
0.5868
0.5124
0.496
0.6112
0.4668
0.4736
0.568
0.6732
0.4668
0.4692
0.6028
0.5336
0.4264
0.6556
0.5236
0.5072
0.4048
0.582
0.4732
0.604
0.504
0.5556
0.5252
0.4412
0.396
0.3928
0.4008
0.6844
0.506
0.4644
0.6024
0.59
0.5044
0.6292
0.4088
0.4528
0.5196
0.5944
0.5064
0.5872
0.5284
0.6696
0.5176
0.5324
0.4904
0.6488
0.5932
0.572
0.504
0.4248
0.4996
0.4804
0.4632
0.5716
0.5
0.4956
0.4096
0.5404
0.592
0.564
0.4508
0.5832
0.4708
0.4988
0.59
0.4624
0.4828
0.6084
0.4396
0.4928
0.486
0.5016
0.5556
0.5628
0.4772
0.5028
0.4412
0.5024
0.5048
0.5772
0.5016
0.4316
0.5528
0.67
0.4796
0.5124
0.4616
0.556
0.5044
0.5044
0.3736
0.4908
0.472
0.4884
0.5796
0.5872
0.3972
0.5452
0.4468
0.4728
0.6284
0.4108
0.5268
0.49
0.5884
0.394
0.5044
0.59
0.6836
0.4908
0.558
0.468
0.4792
0.6432
0.504
0.6148
0.55
0.6056
0.504
0.6296
0.5076
0.6552
0.544
0.488
0.4464
0.4688
0.44
0.5044
0.4832
0.6452
0.66
0.6592
0.4044
0.5576
0.504
0.74
0.5644
0.5056
0.568
0.5276
0.396
0.5388
0.4276
0.8276
0.5648
0.4792
0.5228
0.5032
0.5044
0.55
0.6016
0.758
0.5044
0.6
0.4964
0.4944
0.4712
0.4684
0.4644
0.6816
0.4664
0.3932
0.4992
0.5952
0.5288
0.524
0.54
0.5872
0.528
0.6368
0.4384
0.454
0.542
0.4716
0.5068
0.5448
0.5044
0.3748
0.5432
0.4916
0.5036
0.5964
0.468
0.456
0.442
0.5784
0.5264
0.5052
0.4816
0.5228
0.532
0.736
0.5028
0.6824
0.5264
0.5912
0.5544
0.6568
0.5024
0.4676
0.4848
0.4776
0.4336
0.5004
0.4348
0.5036
0.5768
0.468
0.5448
0.4808
0.4872
0.5648
0.4548
0.468
0.6092
0.6388
0.5128
0.5228
0.4468
0.6532
0.3992
0.5
0.5028
0.5284
0.4916
0.4392
0.598
0.4692
0.5292
0.5056
0.4568
0.4576
0.5044
0.5044
0.498
0.5
0.4996
0.4944
0.5872
0.4904
0.5524
0.5
0.6452
0.5616
0.5336
0.5448
0.6632
0.4836
0.4636
0.1576
0.1032
0.6108
0.5388
0.6184
0.6096
0.6032
0.4556
0.6104
0.4184
0.6092
0.642
0.3476
0.6776
0.606
0.1796
0.7004
0.1428
0.6096
0.2504
0.3112
0.3744
0.544
0.6076
0.6076
0.564
0.608
0.4516
0.3992
0.4436
0.61
0.6624
0.3548
0.5712
0.556
0.1472
0.6088
0.5264
0.6096
0.5784
0.736
0.4068
0.6064
0.6152
0.6092
0.6884
0.572
0.5704
0.4572
0.5872
0.2164
0.4864
0.66
0.6656
0.6204
0.4256
0.5308
0.5316
0.3972
0.6104
0.2936
0.5452
0.3692
0.6052
0.5424
0.604
0.3692
0.5388
0.3704
0.6672
0.4848
0.6404
0.36
0.5476
0.2908
0.49
0.564
0.5292
0.5464
0.5884
0.4708
0.4504
0.5708
0.3952
0.4296
0.5128
0.448
0.6132
0.4672
0.4628
0.6652
0.482
0.4828
0.568
0.5352
0.4504
0.548
0.3204
0.5316
0.4348
0.4768
0.4696
0.632
0.4788
0.548
0.398
0.4376
0.1372
0.4528
0.4896
0.6068
0.57
0.5608
0.6928
0.6076
0.6104
0.1112
0.5712
0.2772
0.5688
0.6232
0.4428
0.6108
0.4052
0.6648
0.5632
0.4364
0.5132
0.4356
0.524
0.488
0.566
0.602
0.4336
0.3212
0.1948
0.5164
0.4936
0.4816
0.4472
0.6648
0.572
0.6376
0.5308
0.5744
0.6368
0.3152
0.6692
0.6108
0.6448
0.4832
0.4124
0.6088
0.5588
0.6964
0.4716
0.476
0.6216
0.538
0.5592
0.6356
0.4956
0.6888
0.3944
0.4448
0.564
0.3732
0.1776
0.4732
0.6352
0.608
0.3656
0.6612
0.506
0.3688
0.6884
0.528
0.6964
0.6112
0.524
0.4876
0.2708
0.402
0.3324
0.5276
0.4472
0.5676
0.3748
0.5092
0.5256
0.5696
0.6352
0.446
0.5124
0.4904
0.6104
0.5812
0.462
0.3832
0.3432
0.6092
0.5616
0.6108
0.6084
0.6124
0.666
0.5276
0.4728
0.4904
0.4588
0.5072
0.626
0.44
0.4532
0.5188
0.2704
0.4704
0.4476
0.4
0.456
0.438
0.6528
0.5428
0.5744
0.4056
0.61
0.4312
0.6624
0.438
0.3908
0.6088
0.4536
0.48
0.1632
0.5712
0.5064
0.564
0.6068
0.5352
0.604
0.6556
0.7376
0.436
0.4776
0.5824
0.564
0.3948
0.3488
0.448
0.6196
0.62
0.5608
0.3892
0.3608
0.2688
0.6088
0.4928
0.5548
0.1244
0.4764
0.5292
0.6544
0.5316
0.6656
0.3548
0.6088
0.6132
0.6072
0.5692
0.5384
0.5824
0.5284
0.4968
0.4224
0.326
0.5272
0.6088
0.306
0.5352
0.4848
0.4588
0.5588
0.58
0.2536
0.4396
0.6328
0.6068
0.4864
0.436
0.5588
0.4812
0.6104
0.4104
0.3932
0.5464
0.4036
0.4064
0.6644
0.4196
0.322
0.4956
0.6144
0.5612
0.088
0.3188
0.7084
0.5012
0.5208
0.39
0.6056
0.4632
0.5292
0.5628
0.3084
0.3428
0.4732
0.5672
0.5648
0.1684
0.4684
0.6024
0.3872
0.6092
0.2224
0.6172
0.6236
0.6376
0.7372
0.6328
0.608
0.6068
0.6264
0.4928
0.5324
0.3232
0.604
0.6104
0.6324
0.3548
0.6096
0.42
0.3492
0.5272
0.5756
0.7588
0.6624
0.5304
0.5404
0.1748
0.6648
0.6104
0.6096
0.5268
0.4276
0.6668
0.4696
0.474
0.6632
0.5628
0.5304
0.602
0.6092
0.6696
0.1544
0.5616
0.406
0.6072
0.7112
0.6612
0.514
0.7184
0.6892
0.66
0.5132
0.4304
0.392
0.428
0.4836
0.5404
0.3616
0.6972
0.4076
0.5804
0.6024
0.6176
0.4628
0.5056
0.62
0.6108
0.5324
0.5376
0.644
0.616
0.2892
0.562
0.3296
0.6108
0.3616
0.5704
0.5376
0.5704
0.5572
0.6016
0.628
0.5352
0.5156
0.4832
0.7568
0.6232
0.62
0.3108
0.6704
0.4516
0.662
0.4768
0.6064
0.4472
0.6096
0.5856
0.608
0.4584
0.3684
0.4576
0.4996
0.6108
0.532
0.5692
0.1584
0.4968
0.6124
0.3868
0.27
0.2792
0.4464
0.5332
0.4492
0.5288
0.6156
0.1608
0.3744
0.472
0.4624
0.6112
0.6376
0.6992
0.5076
0.5764
0.5856
0.5624
0.4088
0.4852
0.3724
0.6392
0.3036
0.4716
0.396
0.7272
0.5932
0.2404
0.4512
0.5708
0.52
0.3916
0.6036
0.6152
0.2912
0.4724
0.638
0.572
0.5324
0.476
0.6228
0.45
0.6776
0.6404
0.6072
0.5444
0.16
0.4928
0.392
0.5468
0.5372
0.5216
0.52
0.214
0.4772
0.5252
0.352
0.4068
0.5224
0.4988
0.5372
0.4248
0.2532
0.6212
0.4688
0.4328
0.6144
0.4284
0.454
0.392
0.6064
0.7172
0.3324
0.4324
0.6852
0.526
0.4216
0.3236
0.61
0.6624
0.6952
0.322
0.6124
0.4576
0.5984
0.6128
0.3484
0.4796
0.664
0.2776
0.522
0.4012
0.3844
0.4616
0.4236
0.3032
0.5712
0.4036
0.6108
0.4832
0.606
0.4732
0.5248
0.432
0.6052
0.4568
0.5512
0.2372
0.472
0.5336
0.6092
0.548
0.412
0.6008
0.4692
0.696
0.3904
0.6956
0.4564
0.5312
0.668
0.6088
0.5052
0.6104
0.3996
0.664
0.4572
0.6616
0.5608
0.472
0.6612
0.6712
0.4172
0.5624
0.4716
0.1944
0.4304
0.442
0.6104
0.6896
0.7212
0.4928
0.348
0.5372
0.4632
0.4504
0.6064
0.3672
0.6024
0.3568
0.4392
0.51
0.668
0.5604
0.498
0.5216
0.57
0.5684
0.69
0.4832
0.694
0.6484
0.2616
0.1628
0.6068
0.5548
0.3668
0.4876
0.604
0.5336
0.622
0.166
0.3916
0.5616
0.528
0.4788
0.4816
0.5652
0.6152
0.2236
0.5968
0.3948
0.2012
0.5516
0.6096
0.552
0.6964
0.6072
0.5708
0.6956
0.6188
0.5316
0.3984
0.544
0.4152
0.4736
0.4792
0.6116
0.6124
0.4624
0.5404
0.4004
0.524
0.3872
0.604
0.3768
0.6844
0.5568
0.5308
0.2848
0.326
0.6132
0.4856
0.2972
0.6052
0.4132
0.502
0.528
0.6132
0.1568
0.3548
0.6232
0.262
0.5344
0.6108
0.502
0.6092
0.5068
0.1944
0.376
0.7464
0.7112
0.5964
0.4732
0.4152
0.316
0.6824
0.3196
0.4928
0.5464
0.3928
0.386
0.5656
0.462
0.4008
0.6172
0.556
0.76
0.568
0.6136
0.3096
0.5404
0.3652
0.298
0.4868
0.6068
0.564
0.6692
0.4756
0.4516
0.436
0.6544
0.2792
0.3424
0.6172
0.3492
0.6104
0.51
0.6264
0.6968
0.6884
0.686
0.5516
0.6852
0.5476
0.6336
0.6028
0.5812
0.4596
0.6112
0.656
0.4364
0.6852
0.464
0.4764
0.432
0.5704
0.6604
0.5708
0.6172
0.4016
0.5416
0.444
0.6832
0.3456
0.8216
0.4944
0.5316
0.716
0.824
0.844
0.2992
0.5568
0.39
0.3916
0.4492
0.8348
0.0676
0.7188
0.4548
0.436
0.6932
0.184
0.6804
0.6996
0.47
0.5656
0.5376
0.6952
0.824
0.6512
0.7844
0.4372
0.2776
0.4944
0.324
0.5628
0.7148
0.5664
0.38
0.7052
0.812
0.552
0.7312
0.6932
0.138
0.5568
0.3604
0.3672
0.4908
0.682
0.1764
0.196
0.636
0.7128
0.4824
0.1272
0.5656
0.4376
0.806
0.522
0.4416
0.6276
0.3652
0.4408
0.6968
0.8152
0.5296
0.2088
0.8184
0.8116
0.44
0.4096
0.5176
0.5372
0.7116
0.8136
0.4552
0.4484
0.186
0.156
0.6856
0.822
0.5848
0.7108
0.2676
0.57
0.4488
0.4632
0.3936
0.5784
0.3976
0.566
0.4236
0.4708
0.47
0.784
0.4492
0.722
0.5316
0.5872
0.7896
0.3236
0.7996
0.4444
0.4256
0.72
0.5156
0.6952
0.3316
0.1292
0.5812
0.5396
0.546
0.8316
0.4012
0.6796
0.5432
0.8316
0.4656
0.5264
0.6088
0.1756
0.276
0.3056
0.6948
0.4556
0.5712
0.3328
0.3252
0.5392
0.5516
0.5796
0.3628
0.2828
0.7876
0.6752
0.5664
0.4504
0.7116
0.3508
0.3216
0.6892
0.5468
0.6952
0.3528
0.5312
0.5752
0.8044
0.2816
0.1464
0.5364
0.072
0.3804
0.3304
0.6052
0.4464
0.5632
0.4544
0.8104
0.3952
0.3768
0.4836
0.5652
0.444
0.1496
0.1048
0.6896
0.6408
0.4224
0.7108
0.3476
0.3164
0.6948
0.482
0.5328
0.8332
0.4092
0.3608
0.14
0.7916
0.4864
0.5392
0.8104
0.7052
0.4884
0.8312
0.534
0.448
0.4784
0.6956
0.5624
0.334
0.5708
0.8032
0.2616
0.8072
0.4664
0.546
0.8324
0.2472
0.4492
0.4668
0.5612
0.5704
0.5224
0.5148
0.7408
0.6952
0.8364
0.228
0.3972
0.4496
0.5756
0.4016
0.5932
0.5988
0.6916
0.5488
0.5372
0.6332
0.4424
0.5264
0.5184
0.7156
0.5836
0.5824
0.7088
0.472
0.4076
0.4556
0.5676
0.386
0.8252
0.3652
0.5008
0.146
0.5668
0.5532
0.422
0.4272
0.088
0.714
0.5304
0.478
0.2252
0.534
0.3952
0.568
0.7168
0.4032
0.7084
0.4896
0.6
0.302
0.5796
0.8248
0.8324
0.2024
0.7008
0.612
0.4856
0.46
0.6972
0.0764
0.5784
0.5768
0.572
0.43
0.8348
0.4588
0.8096
0.1308
0.8128
0.3656
0.784
0.4404
0.2348
0.3032
0.5352
0.4116
0.5564
0.7104
0.5996
0.5864
0.8136
0.6964
0.5644
0.0868
0.8016
0.6972
0.4032
0.3916
0.5484
0.2752
0.3632
0.6672
0.5172
0.8116
0.8236
0.388
0.632
0.1192
0.8144
0.6688
0.8264
0.4516
0.5664
0.8064
0.4468
0.5364
0.5416
0.8056
0.6996
0.5636
0.7
0.4056
0.614
0.3864
0.4428
0.5676
0.7112
0.8044
0.6964
0.342
0.3896
0.4876
0.4768
0.8264
0.4856
0.6432
0.4788
0.6924
0.352
0.3572
0.3964
0.5484
0.6948
0.0608
0.4488
0.7012
0.4688
0.5336
0.5964
0.588
0.2444
0.0852
0.6264
0.3204
0.4832
0.3928
0.6844
0.824
0.606
0.132
0.448
0.4744
0.456
0.15
0.3884
0.45
0.4396
0.4916
0.4184
0.6976
0.5052
0.3676
0.492
0.6952
0.3608
0.216
0.316
0.8064
0.2196
0.4488
0.5952
0.5632
0.5604
0.6164
0.4196
0.4056
0.6072
0.5032
0.6252
0.2852
0.6372
0.4516
0.42
0.5912
0.2304
0.8244
0.4472
0.3224
0.8076
0.224
0.4916
0.4848
0.602
0.798
0.5964
0.5628
0.5576
0.716
0.086
0.5644
0.2596
0.7856
0.3988
0.544
0.3448
0.5668
0.5848
0.1912
0.2448
0.556
0.1148
0.5108
0.4664
0.4896
0.4524
0.358
0.824
0.1916
0.1516
0.5764
0.4512
0.7048
0.3372
0.354
0.58
0.5484
0.492
0.314
0.2972
0.5496
0.5296
0.5684
0.3664
0.6092
0.7912
0.5892
0.5988
0.6888
0.3612
0.5684
0.7992
0.5288
0.5672
0.5836
0.6376
0.8256
0.6088
0.422
0.6948
0.4176
0.4
0.4724
0.8244
0.8232
0.414
0.4392
0.2432
0.7004
0.6356
0.618
0.4544
0.258
0.6972
0.5464
0.5832
0.4348
0.8268
0.3928
0.1844
0.7784
0.594
0.202
0.0496
0.3964
0.6636
0.2116
0.5544
0.4848
0.3568
0.5624
0.5808
0.6952
0.5292
0.824
0.6948
0.5648
0.8256
0.4448
0.5772
0.4048
0.6888
0.5524
0.6912
0.5964
0.3092
0.3292
0.8244
0.824
0.8308
0.4336
0.6192
0.6824
0.4508
0.7984
0.698
0.5292
0.534
0.8108
0.5636
0.7004
0.55
0.812
0.4384
0.3764
0.5216
0.8224
0.5676
0.314
0.5792
0.266
0.46
0.694
0.5788
0.2812
0.7044
0.3696
0.5872
0.6184
0.6956
0.8104
0.5632
0.7924
0.7
0.716
0.2872
0.4604
0.45
0.4448
0.5172
0.54
0.4016
0.5144
0.5664
0.4844
0.6812
0.096
0.552
0.6964
0.402
0.4624
0.3592
0.6048
0.8144
0.7984
0.454
0.2528
0.4192
0.5396
0.6724
0.7808
0.472
0.696
0.6212
0.3692
0.4244
0.3788
0.2764
0.6568
0.8036
0.5956
0.8196
0.454
0.3052
0.2404
0.2068
0.2912
0.5292
0.824
0.318
0.568
0.4384
0.538
0.8232
0.348
0.684
0.6084
0.5044
0.5072
0.5748
0.794
0.6928
0.0984
0.8236
0.8236
0.5368
0.568
0.1012
0.3216
0.6764
0.5848
0.702
0.3968
0.5492
0.5692
0.8244
0.4548
0.8248
0.5784
0.462
0.6912
0.6064
0.8096
0.5
0.5388
0.5848
0.5712
0.8316
0.8044
0.5384
0.3472
0.818
0.8156
0.3444
0.4972
0.2128
0.6912
0.5612
0.584
0.4588
0.4452
0.5676
0.7312
0.3764
0.5772
0.8252
0.678
0.694
0.418
0.5884
0.3652
0.5884
0.5728
0.2924
0.5864
0.8052
0.692
0.7832
0.712
0.5844
0.2928
0.568
0.3252
0.4968
0.4332
0.5744
0.696
0.4836
0.5656
0.6948
0.526
0.4824
0.54
0.5388
0.7068
0.6612
0.4744
0.4484
0.6996
0.3244
0.8112
0.8428
0.6384
0.5128
0.5856
0.4964
0.5672
0.782
0.3368
0.8056
0.7
0.7904
0.372
0.6276
0.3596
0.4532
0.5652
0.5588
0.7792
0.5888
0.6852
0.4116
0.4684
0.6472
0.4824
0.5552
0.4436
0.56
0.6992
0.5864
0.83
0.8208
0.128
0.6276
0.434
0.4344
0.8248
0.4508
0.4716
0.5728
0.3108
0.4264
0.194
0.5388
0.3264
0.3436
0.5608
0.5848
0.3976
0.626
0.3352
0.3052
0.2684
0.5388
0.714
0.5268
0.4584
0.5648
0.6948
0.4024
0.8024
0.8424
0.8136
0.826
0.5656
0.804
0.7824
0.8108
0.6032
0.6784
0.818
0.8124
0.5364
0.8176
0.6004
0.8124
0.8292
0.4256
0.69
0.6604
0.4376
0.8172
0.696
0.8152
0.7212
0.782
0.5728
0.8048
0.6488
0.822
0.698
0.8152
0.814
0.8036
0.6012
0.8192
0.4
0.5516
0.696
0.6936
0.472
0.8132
0.5712
0.4432
0.5536
0.6808
0.6156
0.8116
0.6996
0.73
0.3484
0.8232
0.694
0.588
0.5644
0.8036
0.5912
0.6948
0.818
0.8188
0.8076
0.6072
0.51
0.8304
0.812
0.6324
0.594
0.6492
0.8108
0.4564
0.8132
0.5172
0.6564
0.694
0.6928
0.6928
0.8172
0.5724
0.7364
0.5912
0.8248
0.6892
0.4356
0.6088
0.5752
0.8256
0.5104
0.562
0.4848
0.8012
0.4504
0.824
0.616
0.4748
0.8244
0.4408
0.8272
0.8752
0.8156
0.48
0.8264
0.5688
0.5816
0.822
0.5272
0.498
0.6936
0.602
0.436
0.5752
0.538
0.6892
0.4808
0.8292
0.656
0.6936
0.8236
0.824
0.8072
0.812
0.5664
0.5672
0.6956
0.8092
0.6924
0.6956
0.8116
0.7052
0.5636
0.6928
0.8228
0.8884
0.6372
0.6724
0.8244
0.6984
0.8144
0.4752
0.6412
0.592
0.712
0.824
0.3488
0.5668
0.8052
0.8096
0.8228
0.8272
0.6908
0.6916
0.8184
0.7084
0.8148
0.6804
0.8128
0.526
0.6968
0.6956
0.7124
0.5804
0.7024
0.5732
0.822
0.5644
0.8148
0.5632
0.6104
0.8168
0.5504
0.6056
0.8116
0.4824
0.5388
0.4648
0.8116
0.8084
0.852
0.8116
0.4652
0.566
0.5836
0.8312
0.644
0.8136
0.486
0.694
0.5064
0.604
0.4656
0.742
0.7896
0.8104
0.8264
0.5696
0.822
0.8444
0.6916
0.6836
0.8236
0.6996
0.5736
0.5676
0.5712
0.5832
0.5244
0.5408
0.686
0.8304
0.8044
0.8188
0.7016
0.8308
0.4768
0.674
0.5648
0.5608
0.8288
0.4608
0.814
0.8212
0.6748
0.6948
0.5804
0.662
0.5512
0.5692
0.82
0.6084
0.6916
0.6008
0.6936
0.8148
0.8152
0.696
0.4412
0.8112
0.4496
0.8204
0.806
0.566
0.8244
0.6924
0.814
0.5736
0.5196
0.4468
0.8216
0.8
0.5672
0.8292
0.6876
0.694
0.6056
0.6056
0.8164
0.5516
0.8112
0.8084
0.6384
0.5884
0.692
0.6976
0.48
0.6724
0.6928
0.5256
0.8104
0.6464
0.8188
0.656
0.8164
0.67
0.8104
0.8148
0.6964
0.8296
0.8064
0.3096
0.5304
0.5668
0.6796
0.4468
0.4584
0.5736
0.6948
0.5784
0.432
0.8184
0.5732
0.826
0.8032
0.8176
0.722
0.8284
0.5208
0.5924
0.8092
0.7116
0.8232
0.446
0.6328
0.7928
0.7352
0.6764
0.4696
0.5664
0.6972
0.5268
0.8044
0.5556
0.5588
0.5684
0.8196
0.6952
0.812
0.6968
0.5552
0.4784
0.6956
0.696
0.4528
0.7008
0.8172
0.566
0.824
0.81
0.6828
0.6856
0.8116
0.6908
0.8056
0.8128
0.8296
0.6612
0.6896
0.7352
0.6948
0.8096
0.8116
0.6104
0.6932
0.5656
0.8108
0.6088
0.816
0.436
0.508
0.6136
0.8444
0.8112
0.812
0.8132
0.6836
0.5868
0.8092
0.8172
0.8176
0.6048
0.6948
0.8124
0.5808
0.6956
0.8144
0.704
0.6952
0.8032
0.69
0.8124
0.7824
0.6916
0.828
0.8188
0.816
0.6992
0.5452
0.8168
0.8164
0.8228
0.806
0.826
0.6928
0.6824
0.8236
0.836
0.8088
0.6912
0.8044
0.808
0.5804
0.602
0.8272
0.8356
0.8232
0.818
0.8964
0.598
0.5632
0.8288
0.588
0.8164
0.4628
0.8112
0.8868
0.802
0.8292
0.566
0.4652
0.694
0.6764
0.5736
0.694
0.8228
0.5648
0.8168
0.704
0.686
0.692
0.634
0.8064
0.8256
0.804
0.6508
0.6856
0.5728
0.802
0.6628
0.5888
0.69
0.4272
0.6804
0.8232
0.812
0.5656
0.8092
0.816
0.8036
0.824
0.5396
0.7936
0.5748
0.5108
0.4072
0.6996
0.6972
0.5132
0.5812
0.8056
0.8144
0.698
0.424
0.8208
0.8268
0.6928
0.7872
0.6956
0.6972
0.4696
0.814
0.5528
0.8064
0.6952
0.5628
0.8104
0.6956
0.6964
0.3912
0.692
0.8084
0.5468
0.8072
0.782
0.6428
0.8116
0.8136
0.8072
0.804
0.5812
0.8244
0.832
0.7008
0.6288
0.5604
0.5648
0.8152
0.8252
0.5588
0.6948
0.6744
0.6896
0.5656
0.6408
0.5928
0.6612
0.5824
0.6832
0.8048
0.8148
0.8036
0.8488
0.6696
0.7004
0.58
0.4704
0.8232
0.6664
0.6976
0.8048
0.69
0.656
0.4496
0.564
0.5552
0.5296
0.6104
0.6976
0.8204
0.8968
0.674
0.8252
0.566
0.5636
0.8124
0.5892
0.5
0.8136
0.5156
0.8128
0.548
0.3056
0.6156
0.6284
0.5056
0.8916
0.8132
0.6508
0.8244
0.8216
0.8256
0.8092
0.554
0.8104
0.7932
0.8292
0.5916
0.6408
0.5332
0.6908
0.4448
0.5484
0.806
0.5516
0.814
0.8096
0.7348
0.598
0.818
0.454
0.8144
0.6952
0.5752
0.7072
0.818
0.4464
0.8076
0.5684
0.6952
0.6924
0.5688
0.4476
0.8056
0.3724
0.4876
0.6908
0.4444
0.5672
0.5512
0.8136
0.5684
0.8472
0.7048
0.828
0.44
0.4828
0.386
0.57
0.6948
0.3192
0.83
0.57
0.6224
0.8184
0.6392
0.8096
0.7356
0.5828
0.7904
0.58
0.8204
0.5352
0.5868
0.804
0.5384
0.4388
0.5688
0.814
0.5768
0.8152
0.6756
0.5872
0.7024
0.6336
0.8244
0.622
0.6968
0.808
0.518
0.526
0.4868
0.7152
0.5704
0.6876
0.4992
0.4972
0.8088
0.8248
0.5712
0.4856
0.1872
0.7808
0.548
0.684
0.4632
0.5672
0.6888
0.8188
0.824
0.6024
0.5692
0.6944
0.6972
0.81
0.5896
0.5108
0.8184
0.5512
0.8244
0.5276
0.4472
0.4608
0.8036
0.8116
0.4708
0.8144
0.6952
0.8184
0.6792
0.622
0.814
0.45
0.7376
0.8196
0.7072
0.8104
0.3156
0.3216
0.6976
0.5612
0.8048
0.7204
0.5432
0.4788
0.5672
0.6832
0.5708
0.5512
0.4516
0.5672
0.806
0.8076
0.5288
0.7988
0.89
0.7048
0.7024
0.8028
0.818
0.4556
0.402
0.5948
0.6872
0.5684
0.818
0.6896
0.818
0.5568
0.5616
0.822
0.5816
0.5632
0.6936
0.8964
0.6604
0.8204
0.4472
0.8164
0.5236
0.66
0.802
0.8348
0.4332
0.6968
0.8288
0.8264
0.8212
0.704
0.7048
0.5624
0.8256
0.8212
0.694
0.8204
0.818
0.8008
0.818
0.586
0.8164
0.6952
0.5632
0.8036
0.8176
0.5496
