0.0896
0.026000000000000002
0.0512
0.0692
0.09759999999999999
0.0684
0.052000000000000005
0.09759999999999999
0.0228
0.11440000000000002
0.064
0.092
0.092
0.0772
0.047200000000000006
0.078
0.096
0.0348
0.062
0.05960000000000001
0.0772
0.046
0.1212
0.054000000000000006
0.046000000000000006
0.0936
0.0512
0.0648
0.004
0.0772
0.05
0.0856
0.044000000000000004
0.046
0.055600000000000004
0.002
0.0512
0.0732
0.029199999999999997
0.054000000000000006
0.05
0.0528
0.0228
0.0996
0.0356
0.084
0.046
0.0496
0.0268
0.064
0.03960000000000001
0.012
0.1136
0.05840000000000001
0.059999999999999984
0.064
0.0
0.05319999999999999
0.0636
0.036
0.094
0.094
0.034
0.041600000000000005
0.1096
0.0616
0.0868
0.45999999999999996
0.048
0.06
0.054000000000000006
0.11839999999999999
0.1032
0.0716
0.041999999999999996
0.0804
0.06720000000000001
0.08520000000000001
0.064
0.0948
0.006
0.096
0.0628
0.0756
0.11040000000000001
0.122
0.086
0.062
0.056799999999999996
0.0448
0.0588
0.09280000000000001
0.08080000000000001
0.053200000000000004
0.33
0.34199999999999997
0.0624
0.02
0.060399999999999995
0.0988
0.034
0.05519999999999999
0.08679999999999999
0.059199999999999996
0.0708
0.046799999999999994
0.128
0.036
0.07239999999999999
0.07880000000000001
0.0748
0.094
0.0288
0.076
0.05920000000000001
0.06359999999999999
0.0748
0.0668
0.0288
0.08879999999999999
0.05800000000000001
0.0492
0.09680000000000001
0.0312
0.057600000000000005
0.068
0.1048
0.0648
0.0732
0.008
0.0636
0.05
0.096
0.09079999999999999
0.038
0.0164
0.10880000000000001
0.10600000000000001
0.054000000000000006
0.054000000000000006
0.0504
0.0412
0.0912
0.062
0.012
0.03
0.02
0.042
0.036
0.004
0.0512
0.0412
0.0608
0.0
0.0668
0.0876
0.0
0.0524
0.082
0.0652
0.1032
0.060399999999999995
0.06000000000000001
0.048
0.088
0.052000000000000005
0.07039999999999999
0.092
0.062
0.0488
0.057600000000000005
0.03319999999999999
0.052000000000000005
0.0636
0.008
0.046
0.012
0.0772
0.0516
0.08520000000000001
0.046
0.098
0.0492
0.10599999999999998
0.03
0.1016
0.05439999999999999
0.1056
0.07160000000000001
0.0524
0.026000000000000002
0.09319999999999999
0.0912
0.088
0.1192
0.032
0.05840000000000001
0.04
0.1024
0.024
0.09999999999999999
0.0732
0.0928
0.0928
0.0808
0.004
0.012
0.004
0.01
0.002
0.055200000000000006
0.0452
0.07160000000000001
0.05
0.126
0.0288
0.0648
0.048
0.032
0.07239999999999999
0.0864
0.052000000000000005
0.0856
0.027600000000000003
0.048
0.044000000000000004
0.0624
0.1152
0.0988
0.054000000000000006
0.11520000000000001
0.03680000000000001
0.0512
0.052000000000000005
0.054000000000000006
0.1072
0.094
0.0472
0.09159999999999999
0.048
0.05
0.062
0.08960000000000001
0.0996
0.0492
0.05
0.0896
0.0432
0.03
0.026000000000000002
0.0676
0.0492
0.07680000000000001
0.048
0.0608
0.004
0.11279999999999998
0.03319999999999999
0.1068
0.018
0.060399999999999995
0.0844
0.09759999999999999
0.0432
0.10839999999999998
0.0
0.0608
0.0392
0.0644
0.0492
0.0868
0.092
0.033999999999999996
0.1076
0.0996
0.012
0.1032
0.042
0.0784
0.017599999999999998
0.608
0.09640000000000001
0.0944
0.09280000000000001
0.12840000000000001
0.0492
0.002
0.0412
0.0516
0.042800000000000005
0.0792
0.06520000000000001
0.0304
0.0492
0.088
0.09
0.5864
0.049199999999999994
0.1268
0.0608
0.0548
0.024
0.0492
0.092
0.03400000000000001
0.002
0.052000000000000005
0.1032
0.0648
0.0
0.09240000000000001
0.044399999999999995
0.1116
0.048
0.11920000000000001
0.086
0.0512
0.057600000000000005
0.07239999999999999
0.036
0.08120000000000001
0.048
0.042
0.057999999999999996
0.01
0.06520000000000001
0.031200000000000006
0.11439999999999999
0.040400000000000005
0.06039999999999999
0.032799999999999996
0.0672
0.057999999999999996
0.0352
0.016
0.053200000000000004
0.066
0.06720000000000001
0.0452
0.0492
0.08560000000000001
0.026000000000000002
0.0676
0.0568
0.0848
0.0764
0.0752
0.05720000000000001
0.047999999999999994
0.018
0.06720000000000001
0.0472
0.066
0.01
0.09119999999999999
0.049600000000000005
0.0648
0.06520000000000001
0.046799999999999994
0.10600000000000001
0.038
0.055600000000000004
0.0624
0.07239999999999999
0.024
0.016
0.018
0.045200000000000004
0.038
0.041999999999999996
0.049600000000000005
0.012
0.0
0.0852
0.1232
0.048
0.028000000000000004
0.11600000000000002
0.0512
0.0796
0.059199999999999996
0.048799999999999996
0.1264
0.06159999999999999
0.08760000000000001
0.08159999999999999
0.0644
0.0648
0.098
0.0832
0.092
0.038
0.042
0.11479999999999999
0.053200000000000004
0.0636
0.06120000000000001
0.0728
0.06360000000000002
0.055999999999999994
0.052000000000000005
0.0548
0.0996
0.092
0.0536
0.055200000000000006
0.0624
0.055999999999999994
0.09119999999999999
0.07120000000000001
0.1076
0.046
0.028000000000000004
0.024
0.0648
0.036
0.062
0.054000000000000006
0.07880000000000001
0.004
0.05960000000000001
0.0824
0.0992
0.0804
0.0892
0.09680000000000001
0.055999999999999994
0.06760000000000001
0.006
0.0812
0.02
0.1312
0.0616
0.058800000000000005
0.10200000000000001
0.06
0.11240000000000001
0.10880000000000001
0.0
0.11479999999999999
0.08960000000000001
0.5980000000000001
0.0492
0.0608
0.0472
0.11000000000000001
0.1192
0.012
0.05920000000000001
0.0964
0.0636
0.047200000000000006
0.0524
0.0432
0.054799999999999995
0.1072
0.052000000000000005
0.098
0.048
0.08080000000000001
0.03
0.032799999999999996
0.04
0.045200000000000004
0.092
0.048
0.0624
0.07680000000000001
0.045599999999999995
0.0588
0.7256
0.004
0.022
0.0512
0.052000000000000005
0.0508
0.1032
0.0836
0.0512
0.0636
0.045200000000000004
0.10840000000000001
0.0512
0.0804
0.1036
0.062
0.066
0.046000000000000006
0.11320000000000001
0.1116
0.045599999999999995
0.0848
0.0644
0.0628
0.0636
0.0648
0.040799999999999996
0.058399999999999994
0.096
0.042
0.066
0.1004
0.0436
0.0648
0.055200000000000006
0.024800000000000003
0.08760000000000001
0.06920000000000001
0.049199999999999994
0.047599999999999996
0.1252
0.060399999999999995
0.10400000000000001
0.05920000000000001
0.054000000000000006
0.098
0.0848
0.004
0.11839999999999999
0.032
0.0732
0.0844
0.4568
0.05720000000000001
0.10999999999999999
0.024
0.055600000000000004
0.06720000000000001
0.11199999999999999
0.053200000000000004
0.092
0.1016
0.053200000000000004
0.006
0.11200000000000002
0.0568
0.1032
0.076
0.0512
0.028000000000000004
0.07599999999999998
0.09519999999999999
0.038
0.0824
0.0628
0.014000000000000002
0.066
0.11199999999999999
0.094
0.1024
0.048
0.0512
0.08320000000000001
0.0648
0.036
0.1248
0.0312
0.0492
0.0988
0.1036
0.0884
0.11080000000000001
0.0744
0.004
0.06080000000000001
0.08760000000000001
0.0504
0.0512
0.0492
0.05960000000000001
0.45280000000000004
0.046000000000000006
0.0316
0.082
0.002
0.048
0.0484
0.062
0.0548
0.0472
0.086
0.0536
0.048
0.1048
0.0692
0.068
0.1016
0.09480000000000001
0.098
0.11200000000000002
0.092
0.07160000000000001
0.0524
0.092
0.09519999999999999
0.1032
0.08120000000000001
0.088
0.066
0.008
0.09559999999999999
0.064
0.0796
0.0684
0.074
0.052000000000000005
0.1048
0.09
0.08199999999999999
0.0944
0.062
0.0516
0.07239999999999999
0.09280000000000002
0.046000000000000006
0.098
0.098
0.6023999999999999
0.027600000000000003
0.05600000000000001
0.0516
0.09359999999999999
0.022000000000000002
0.06720000000000001
0.03
0.0548
0.052000000000000005
0.040799999999999996
0.07959999999999999
0.0472
0.07880000000000001
0.06920000000000001
0.008
0.030000000000000006
0.0472
0.0832
0.07
0.0752
0.066
0.3096
0.057600000000000005
0.06240000000000001
0.0536
0.0412
0.05960000000000001
0.0512
0.0472
0.10839999999999998
0.0396
0.035199999999999995
0.046000000000000006
0.049600000000000005
0.1032
0.0996
0.0412
0.1136
0.05
0.062
0.042
0.052000000000000005
0.0808
0.008
0.036
0.0884
0.0608
0.0
0.055600000000000004
0.0508
0.09359999999999999
0.0472
0.0844
0.0644
0.047599999999999996
0.062
0.07759999999999999
0.028800000000000003
0.06
0.012
0.094
0.0596
0.0524
0.03
0.0588
0.098
0.152
0.06
0.0628
0.062
0.09119999999999999
0.09720000000000001
0.02
0.10079999999999997
0.0752
0.0588
0.0668
0.08879999999999999
0.052000000000000005
0.0896
0.0888
0.11359999999999999
0.09280000000000001
0.014000000000000002
0.034
0.09759999999999999
0.06600000000000002
0.1036
0.0
0.045599999999999995
0.0496
0.08920000000000002
0.06440000000000001
0.032
0.0776
0.0844
0.01
0.0708
0.0884
0.09440000000000001
0.06920000000000001
0.036
0.036
0.08
0.0816
0.0872
0.044
0.062
0.062
0.068
0.024399999999999998
0.1032
0.196
0.11080000000000001
0.09
0.12239999999999998
0.1712
0.16560000000000002
0.0948
0.1924
0.1256
0.0508
0.0832
0.192
0.0672
0.158
0.08399999999999999
0.1048
0.19319999999999998
0.12079999999999999
0.17919999999999997
0.2164
0.0668
0.2036
0.0716
0.16920000000000002
0.168
0.0884
0.164
0.1896
0.0844
0.13840000000000002
0.0868
0.0952
0.1668
0.1724
0.027200000000000002
0.096
0.1876
0.1132
0.0772
0.2152
0.0896
0.09440000000000001
0.0464
0.1356
0.126
0.18519999999999998
0.1172
0.124
0.1092
0.192
0.136
0.10919999999999999
0.16799999999999998
0.0956
0.1688
0.18480000000000002
0.094
0.088
0.11040000000000001
0.0908
0.1944
0.19519999999999998
0.0944
0.0808
0.1992
0.18639999999999998
0.1956
0.0648
0.1948
0.0992
0.17639999999999997
0.19319999999999998
0.194
0.052000000000000005
0.0568
0.0512
0.09759999999999999
0.1992
0.16760000000000003
0.1712
0.0844
0.1956
0.1888
0.0688
0.12840000000000001
0.2
0.14679999999999999
0.21719999999999998
0.0892
0.1832
0.0928
0.18359999999999999
0.1792
0.1572
0.022
0.09280000000000001
0.17200000000000001
0.1156
0.188
0.1136
0.06080000000000001
0.1292
0.09840000000000002
0.18319999999999997
0.19039999999999999
0.11200000000000002
0.1964
0.07239999999999999
0.17400000000000002
0.1988
0.09720000000000001
0.1972
0.126
0.196
0.046799999999999994
0.11679999999999999
0.1052
0.13240000000000002
0.076
0.0484
0.16760000000000003
0.1396
0.2032
0.0672
0.0912
0.09200000000000001
0.17679999999999998
0.19
0.0772
0.1068
0.188
0.1956
0.198
0.13079999999999997
0.17120000000000002
0.11639999999999999
0.18359999999999999
0.194
0.16760000000000003
0.18919999999999998
0.0624
0.1328
0.124
0.16240000000000002
0.11280000000000001
0.03680000000000001
0.1172
0.1192
0.09440000000000001
0.0992
0.10640000000000001
0.1328
0.1948
0.0764
0.1868
0.1344
0.0796
0.1548
0.1916
0.17319999999999997
0.0752
0.10879999999999998
0.198
0.064
0.044
0.2012
0.1056
0.1956
0.1608
0.11359999999999999
0.1632
0.21559999999999996
0.1572
0.1056
0.0992
0.17559999999999998
0.10400000000000001
0.11640000000000002
0.18039999999999998
0.1956
0.09000000000000001
0.1968
0.08080000000000001
0.1948
0.0712
0.2012
0.182
0.1984
0.1996
0.15760000000000002
0.11359999999999999
0.17479999999999998
0.1948
0.11040000000000001
0.1928
0.0744
0.11439999999999999
0.07559999999999999
0.1928
0.0784
0.1224
0.1424
0.1524
0.18919999999999998
0.17919999999999997
0.1052
0.11080000000000001
0.08959999999999999
0.1008
0.0964
0.11159999999999999
0.1916
0.17919999999999997
0.08199999999999999
0.10600000000000001
0.1268
0.1404
0.0776
0.0748
0.1652
0.156
0.1856
0.18239999999999998
0.13640000000000002
0.08560000000000001
0.06720000000000001
0.18919999999999998
0.0832
0.1828
0.0284
0.1248
0.057600000000000005
0.1628
0.14400000000000002
0.0896
0.1408
0.0688
0.172
0.1384
0.09559999999999999
0.08080000000000001
0.09280000000000001
0.0492
0.18919999999999998
0.1308
0.1348
0.12079999999999999
0.1328
0.096
0.0784
0.196
0.18319999999999997
0.1968
0.1196
0.2032
0.0872
0.1392
0.1888
0.18639999999999998
0.10400000000000001
0.13
0.18719999999999998
0.1804
0.138
0.19519999999999998
0.0744
0.182
0.1036
0.1924
0.0732
0.184
0.056400000000000006
0.11879999999999999
0.09240000000000001
0.08359999999999998
0.11239999999999999
0.1252
0.184
0.17479999999999998
0.1248
0.1956
0.1716
0.0668
0.0832
0.1972
0.2028
0.1056
0.166
0.10839999999999998
0.1044
0.0796
0.1788
0.10919999999999999
0.18519999999999998
0.17919999999999997
0.06440000000000001
0.10839999999999998
0.0912
0.1988
0.182
0.1568
0.1216
0.18
0.1944
0.1368
0.0648
0.1876
0.16760000000000003
0.1568
0.06999999999999999
0.1896
0.05840000000000001
0.164
0.086
0.1476
0.19319999999999998
0.1888
0.1628
0.1612
0.0772
0.092
0.08959999999999999
0.2024
0.1588
0.092
0.0768
0.06359999999999999
0.1792
0.1076
0.1216
0.11879999999999999
0.1024
0.1748
0.08399999999999999
0.118
0.24960000000000004
0.076
0.1156
0.18919999999999998
0.1248
0.0484
0.11639999999999999
0.20400000000000001
0.054000000000000006
0.1152
0.1588
0.19039999999999999
0.1916
0.0928
0.11439999999999999
0.09839999999999999
0.1552
0.16640000000000002
0.1096
0.0628
0.08399999999999999
0.2032
0.09519999999999998
0.08399999999999999
0.1944
0.09280000000000001
0.08760000000000001
0.1356
0.1632
0.10880000000000001
0.1212
0.118
0.16920000000000002
0.1056
0.1236
0.06120000000000001
0.03799999999999999
0.05920000000000001
0.22080000000000002
0.0784
0.046
0.078
0.126
0.11080000000000001
0.0736
0.1572
0.0892
0.12200000000000003
0.15760000000000002
0.09280000000000001
0.16160000000000002
0.1292
0.09759999999999999
0.198
0.07759999999999999
0.14679999999999999
0.09040000000000001
0.1
0.1976
0.18719999999999998
0.1248
0.0872
0.16360000000000002
0.088
0.1908
0.078
0.18519999999999998
0.10800000000000001
0.12
0.0304
0.1888
0.12279999999999999
0.1308
0.047200000000000006
0.2272
0.07959999999999999
0.07680000000000001
0.0908
0.1192
0.1848
0.032
0.17839999999999998
0.1192
0.10600000000000001
0.082
0.1996
0.0424
0.0472
0.1052
0.17559999999999998
0.17320000000000002
0.1372
0.0608
0.0844
0.09359999999999999
0.10880000000000001
0.1608
0.1232
0.0524
0.174
0.15960000000000002
0.17040000000000002
0.1528
0.046400000000000004
0.19519999999999998
0.1972
0.13640000000000002
0.1728
0.1992
0.1264
0.1632
0.0524
0.11440000000000002
0.1992
0.12280000000000002
0.1248
0.06160000000000001
0.19
0.168
0.12840000000000001
0.1868
0.0864
0.18
0.0688
0.202
0.0316
0.1216
0.15760000000000002
0.1368
0.1916
0.0808
0.15560000000000002
0.11120000000000001
0.1256
0.17719999999999997
0.1588
0.08159999999999999
0.11639999999999999
0.1116
0.08080000000000001
0.10600000000000001
0.11640000000000002
0.09440000000000001
0.12240000000000002
0.18919999999999998
0.18359999999999999
0.17160000000000003
0.1308
0.16440000000000002
0.178
0.126
0.18400000000000002
0.0808
0.1612
0.14479999999999998
0.1964
0.18119999999999997
0.1924
0.1036
0.1248
0.092
0.17160000000000003
0.16720000000000002
0.1968
0.0784
0.16720000000000002
0.1916
0.1408
0.18519999999999998
0.158
0.1036
0.094
0.1848
0.1756
0.188
0.1924
0.1868
0.1972
0.076
0.118
0.196
0.176
0.0964
0.192
0.05720000000000001
0.0708
0.174
0.19519999999999998
0.08199999999999999
0.2016
0.1268
0.1628
0.1
0.1944
0.1828
0.19319999999999998
0.1924
0.1564
0.1012
0.09519999999999999
0.1008
0.1156
0.08800000000000001
0.13240000000000002
0.07039999999999999
0.11840000000000002
0.1032
0.17320000000000002
0.1552
0.2032
0.11679999999999999
0.07680000000000001
0.1868
0.05840000000000001
0.0928
0.088
0.1336
0.1964
0.186
0.11239999999999999
0.11120000000000001
0.0732
0.09
0.188
0.18
0.054000000000000006
0.18439999999999998
0.0548
0.1076
0.2272
0.0472
0.033600000000000005
0.09519999999999999
0.16160000000000002
0.16720000000000002
0.1956
0.06560000000000002
0.0804
0.05
0.08
0.0916
0.1
0.16760000000000003
0.11920000000000001
0.21279999999999996
0.17319999999999997
0.1868
0.202
0.082
0.2028
0.1212
0.09280000000000001
0.0896
0.18519999999999998
0.178
0.1908
0.1092
0.19
0.196
0.19960000000000003
0.18519999999999998
0.0748
0.16920000000000002
0.16560000000000002
0.1068
0.1876
0.16360000000000002
0.1312
0.096
0.1936
0.09440000000000001
0.166
0.2204
0.0868
0.1916
0.0936
0.18119999999999997
0.1072
0.0996
0.21439999999999998
0.1992
0.1988
0.16560000000000002
0.0548
0.0804
0.1936
0.19319999999999998
0.088
0.1004
0.05920000000000001
0.18719999999999998
0.05960000000000001
0.17240000000000003
0.16440000000000002
0.13520000000000001
0.19119999999999998
0.0996
0.10400000000000001
0.1024
0.1612
0.1948
0.2032
0.1072
0.1812
0.0752
0.2204
0.19
0.0908
0.1288
0.16720000000000002
0.19
0.1828
0.19119999999999998
0.17
0.0796
0.1368
0.134
0.1488
0.0912
0.18080000000000002
0.18359999999999999
0.09280000000000001
0.1964
0.17759999999999998
0.1072
0.11479999999999999
0.0848
0.06040000000000001
0.16840000000000002
0.066
0.0492
0.1296
0.2124
0.1568
0.18239999999999998
0.17200000000000001
0.1248
0.0568
0.188
0.096
0.17240000000000003
0.16
0.1048
0.194
0.126
0.18919999999999998
0.08920000000000002
0.1004
0.1072
0.07959999999999999
0.1588
0.17719999999999997
0.18
0.1652
0.1248
0.118
0.1348
0.1252
0.1116
0.1876
0.0816
0.068
0.1956
0.1416
0.1996
0.2
0.1152
0.0728
0.0736
0.1992
0.18119999999999997
0.06520000000000001
0.1416
0.18839999999999998
0.0952
0.0844
0.06080000000000001
0.08
0.09680000000000001
0.11120000000000001
0.122
0.092
0.0956
0.098
0.05920000000000001
0.09680000000000001
0.10640000000000001
0.06400000000000002
0.14679999999999999
0.0528
0.15960000000000002
0.1968
0.2024
0.1176
0.1964
0.2972
0.21400000000000002
0.22680000000000003
0.2596
0.2684
0.27
0.21200000000000002
0.2932
0.2352
0.2068
0.2088
0.29
0.21280000000000002
0.2576
0.2116
0.22840000000000002
0.2932
0.22640000000000002
0.2812
0.24560000000000004
0.2204
0.27440000000000003
0.2048
0.2732
0.27040000000000003
0.2272
0.264
0.2852
0.2048
0.21400000000000002
0.21480000000000002
0.2412
0.27080000000000004
0.28240000000000004
0.21000000000000002
0.2012
0.2912
0.244
0.22880000000000003
0.2824
0.2172
0.23879999999999998
0.1992
0.2132
0.22880000000000003
0.2828
0.2184
0.22680000000000003
0.2068
0.292
0.24
0.2092
0.26680000000000004
0.242
0.27440000000000003
0.2652
0.2
0.2172
0.21880000000000002
0.2352
0.2944
0.2952
0.22959999999999997
0.2104
0.2964
0.28959999999999997
0.27680000000000005
0.2068
0.2776
0.21280000000000002
0.2836
0.2932
0.28040000000000004
0.21680000000000002
0.2116
0.2104
0.25
0.2976
0.2732
0.2672
0.2072
0.2956
0.2832
0.22280000000000003
0.244
0.3
0.2468
0.27480000000000004
0.24359999999999998
0.2652
0.2468
0.2848
0.2576
0.25
0.2028
0.22760000000000002
0.2752
0.22000000000000003
0.2852
0.23879999999999998
0.22959999999999997
0.2572
0.2404
0.2852
0.2892
0.2172
0.2964
0.2372
0.2444
0.2988
0.2344
0.2944
0.23000000000000004
0.2948
0.2068
0.246
0.2052
0.2092
0.21200000000000002
0.2044
0.27240000000000003
0.244
0.26480000000000004
0.2068
0.22200000000000003
0.2496
0.2792
0.2888
0.2144
0.2092
0.2884
0.2736
0.2948
0.2464
0.27640000000000003
0.2184
0.286
0.2544
0.27640000000000003
0.27640000000000003
0.22160000000000002
0.23279999999999998
0.2524
0.2636
0.2152
0.22080000000000002
0.2116
0.22200000000000003
0.2292
0.2032
0.2528
0.236
0.2792
0.1988
0.2848
0.2552
0.2012
0.2584
0.29159999999999997
0.27240000000000003
0.22000000000000003
0.22200000000000003
0.2952
0.2008
0.2028
0.278
0.2032
0.2924
0.26480000000000004
0.2152
0.2664
0.22560000000000002
0.26
0.21880000000000002
0.20800000000000002
0.27680000000000005
0.21280000000000002
0.2324
0.2832
0.2956
0.23959999999999998
0.2968
0.21480000000000002
0.2864
0.22880000000000003
0.2984
0.28200000000000003
0.2956
0.2964
0.25880000000000003
0.21600000000000003
0.2732
0.2716
0.23759999999999998
0.292
0.22600000000000003
0.2512
0.244
0.2928
0.2048
0.254
0.2552
0.258
0.2892
0.2536
0.2028
0.21080000000000002
0.20400000000000001
0.2084
0.2
0.23160000000000003
0.2832
0.2792
0.2408
0.22960000000000003
0.22920000000000001
0.2536
0.2408
0.23040000000000002
0.268
0.2612
0.2508
0.28080000000000005
0.2404
0.22039999999999998
0.23559999999999998
0.2892
0.22240000000000001
0.28240000000000004
0.2164
0.2364
0.2104
0.264
0.2592
0.2144
0.2476
0.2204
0.27440000000000003
0.2452
0.2468
0.21880000000000002
0.21400000000000002
0.2096
0.2892
0.23359999999999997
0.23679999999999998
0.2496
0.2104
0.22960000000000003
0.21080000000000002
0.23360000000000003
0.28759999999999997
0.2944
0.22000000000000003
0.28040000000000004
0.2052
0.256
0.28080000000000005
0.2676
0.2088
0.2564
0.2872
0.2428
0.23879999999999998
0.2952
0.2012
0.2776
0.2204
0.29
0.21400000000000002
0.2848
0.2076
0.21960000000000002
0.22960000000000003
0.23000000000000004
0.21400000000000002
0.2572
0.2732
0.27
0.22480000000000003
0.2956
0.268
0.2144
0.2192
0.2972
0.2836
0.2008
0.2664
0.22560000000000002
0.2044
0.21600000000000003
0.27640000000000003
0.22840000000000002
0.2888
0.27680000000000005
0.2136
0.22880000000000003
0.22640000000000002
0.2956
0.27840000000000004
0.2552
0.2092
0.2644
0.29159999999999997
0.23679999999999998
0.2008
0.27640000000000003
0.2644
0.2592
0.2012
0.284
0.21600000000000003
0.22440000000000002
0.21080000000000002
0.2536
0.2932
0.2888
0.264
0.26080000000000003
0.2332
0.22560000000000002
0.2424
0.26880000000000004
0.2584
0.21000000000000002
0.246
0.2068
0.22200000000000003
0.1992
0.22160000000000002
0.22200000000000003
0.2372
0.2796
0.21000000000000002
0.21400000000000002
0.23479999999999998
0.2312
0.2152
0.28400000000000003
0.2156
0.2076
0.2156
0.2632
0.21280000000000002
0.2428
0.2612
0.28759999999999997
0.2932
0.246
0.22000000000000003
0.2488
0.256
0.2656
0.2124
0.2072
0.2124
0.2868
0.2472
0.2164
0.2944
0.2384
0.2144
0.23000000000000004
0.26080000000000003
0.22680000000000003
0.2004
0.2092
0.27
0.2116
0.22880000000000003
0.2072
0.1992
0.2012
0.262
0.2184
0.2008
0.2032
0.236
0.22560000000000002
0.22080000000000002
0.252
0.22400000000000003
0.23679999999999998
0.2544
0.23159999999999997
0.2656
0.23159999999999997
0.22999999999999998
0.298
0.22680000000000003
0.24559999999999998
0.2384
0.21080000000000002
0.2968
0.2872
0.21760000000000002
0.23040000000000002
0.2684
0.21280000000000002
0.2812
0.21760000000000002
0.28559999999999997
0.20800000000000002
0.2332
0.2472
0.2888
0.22280000000000003
0.21880000000000002
0.2044
0.2528
0.22280000000000003
0.21119999999999997
0.21080000000000002
0.21680000000000002
0.2848
0.2156
0.28280000000000005
0.21680000000000002
0.2012
0.20400000000000001
0.2996
0.2048
0.2044
0.2044
0.27880000000000005
0.27080000000000004
0.2572
0.2508
0.20600000000000002
0.2444
0.2144
0.256
0.2232
0.22680000000000003
0.2752
0.26080000000000003
0.2712
0.2552
0.1992
0.2952
0.2972
0.23479999999999998
0.2752
0.28080000000000005
0.2544
0.2612
0.2028
0.2088
0.2992
0.24159999999999998
0.22840000000000002
0.1992
0.2888
0.27080000000000004
0.22279999999999997
0.2868
0.21280000000000002
0.2632
0.2444
0.2524
0.21680000000000002
0.2124
0.2584
0.23679999999999998
0.29159999999999997
0.2184
0.2564
0.2352
0.1944
0.278
0.242
0.2044
0.21880000000000002
0.2124
0.2468
0.2032
0.2468
0.2392
0.2324
0.2892
0.2872
0.26880000000000004
0.2344
0.2684
0.27840000000000004
0.2488
0.2672
0.21200000000000002
0.2632
0.2448
0.28759999999999997
0.27880000000000005
0.2924
0.2508
0.22480000000000003
0.2412
0.27280000000000004
0.2712
0.2968
0.23399999999999999
0.2672
0.2868
0.2432
0.2812
0.2528
0.2064
0.23320000000000002
0.2796
0.21880000000000002
0.288
0.2864
0.2832
0.2972
0.2272
0.22240000000000001
0.296
0.27240000000000003
0.2044
0.292
0.21960000000000002
0.22080000000000002
0.2716
0.2952
0.2088
0.2984
0.2284
0.2612
0.25
0.2944
0.2852
0.2932
0.2932
0.2516
0.20400000000000001
0.22440000000000002
0.2004
0.242
0.2332
0.2504
0.2028
0.2576
0.22840000000000002
0.27640000000000003
0.2552
0.2836
0.2052
0.21479999999999996
0.29
0.2028
0.2532
0.2156
0.23440000000000003
0.2952
0.28359999999999996
0.22000000000000003
0.2364
0.2064
0.23279999999999998
0.2892
0.28
0.2056
0.286
0.2016
0.2048
0.23680000000000004
0.1988
0.22000000000000003
0.2028
0.2632
0.2672
0.2928
0.2364
0.22000000000000003
0.2076
0.2044
0.22000000000000003
0.2424
0.2684
0.23040000000000002
0.27680000000000005
0.23079999999999998
0.27680000000000005
0.2776
0.2272
0.2596
0.2488
0.2384
0.22680000000000003
0.2852
0.27680000000000005
0.2872
0.2068
0.29
0.2928
0.2508
0.2852
0.2212
0.2692
0.266
0.2068
0.28759999999999997
0.2652
0.2488
0.2008
0.2956
0.2156
0.262
0.2616
0.2372
0.2776
0.2252
0.28559999999999997
0.2044
0.23399999999999999
0.27880000000000005
0.2992
0.2968
0.266
0.2352
0.2068
0.29359999999999997
0.2932
0.2104
0.2492
0.2232
0.2872
0.23879999999999998
0.2732
0.2612
0.2412
0.2912
0.256
0.20600000000000002
0.2124
0.26
0.2948
0.2172
0.2016
0.2692
0.20600000000000002
0.2652
0.29
0.22400000000000003
0.20800000000000002
0.2664
0.29
0.2844
0.2872
0.2712
0.2112
0.22519999999999998
0.238
0.2512
0.23679999999999998
0.26480000000000004
0.2852
0.21800000000000003
0.2868
0.28
0.21400000000000002
0.2448
0.2076
0.22479999999999997
0.2692
0.202
0.2012
0.2344
0.274
0.25880000000000003
0.2864
0.2684
0.22960000000000003
0.2408
0.27880000000000005
0.2392
0.272
0.2604
0.2132
0.2932
0.2504
0.2904
0.22880000000000003
0.2324
0.2068
0.21800000000000003
0.2612
0.2772
0.28040000000000004
0.266
0.23679999999999998
0.2104
0.238
0.2252
0.2448
0.2844
0.2364
0.244
0.27480000000000004
0.21799999999999997
0.2984
0.2832
0.21280000000000002
0.23479999999999998
0.2156
0.2992
0.2824
0.1996
0.2464
0.2884
0.2324
0.22920000000000001
0.22600000000000003
0.2332
0.2364
0.2088
0.23079999999999998
0.2252
0.23399999999999999
0.248
0.21800000000000003
0.23479999999999998
0.2052
0.2164
0.2468
0.22480000000000003
0.2632
0.2804
0.27240000000000003
0.2192
0.29359999999999997
0.39559999999999995
0.3136
0.326
0.35519999999999996
0.37239999999999995
0.36760000000000004
0.3108
0.39319999999999994
0.3316
0.3068
0.3124
0.39
0.3128
0.3592000000000001
0.3116
0.33120000000000005
0.39080000000000004
0.3244
0.38120000000000004
0.3651999999999999
0.32320000000000004
0.3696
0.3048
0.37
0.36920000000000003
0.32720000000000005
0.36400000000000005
0.38280000000000003
0.3036
0.34
0.3108
0.3412
0.36719999999999997
0.37279999999999996
0.31320000000000003
0.3012
0.386
0.3444
0.32880000000000004
0.3788
0.31120000000000003
0.42000000000000004
0.2992
0.3356
0.3296
0.384
0.3148
0.328
0.3068
0.3884
0.336
0.31
0.3708
0.3412
0.3728000000000001
0.3652
0.3
0.318
0.31880000000000003
0.33680000000000004
0.3944
0.39480000000000004
0.3304
0.3104
0.39640000000000003
0.38759999999999994
0.37320000000000003
0.3076
0.3776
0.31320000000000003
0.3764
0.39080000000000004
0.3768000000000001
0.3168
0.32080000000000003
0.31
0.3484
0.39640000000000003
0.3672000000000001
0.3696
0.3
0.39880000000000004
0.3832
0.32280000000000003
0.3396
0.4
0.3468
0.372
0.34240000000000004
0.3652
0.3444
0.3848
0.3564
0.358
0.3028
0.3284
0.37320000000000003
0.3124
0.386
0.33799999999999997
0.334
0.35919999999999996
0.34
0.38520000000000004
0.3888
0.3196
0.3928000000000001
0.33720000000000006
0.3448
0.3968
0.33280000000000004
0.3944
0.32680000000000003
0.3944
0.3068
0.3451999999999999
0.3052
0.32720000000000005
0.31320000000000003
0.3044
0.37039999999999995
0.3424
0.3656
0.3068
0.3184
0.34959999999999997
0.3776
0.3888000000000001
0.3148
0.3068
0.3888
0.3736
0.39480000000000004
0.34480000000000005
0.3731999999999999
0.3144
0.38520000000000004
0.382
0.368
0.374
0.32120000000000004
0.33280000000000004
0.35119999999999996
0.3628
0.3096
0.3264
0.3144
0.3168
0.41559999999999997
0.3032
0.3516
0.33280000000000004
0.3792000000000001
0.2988
0.3844
0.35
0.3012
0.35519999999999996
0.3884
0.37600000000000006
0.324
0.3216
0.3952000000000001
0.3484
0.3028
0.37560000000000004
0.3008
0.3924
0.36160000000000003
0.3124
0.36639999999999995
0.3707999999999999
0.3564
0.31880000000000003
0.3068
0.3752
0.3116
0.33240000000000003
0.38039999999999996
0.3884
0.34
0.3968
0.3136
0.3832
0.41200000000000003
0.3984
0.382
0.39560000000000006
0.39920000000000005
0.35760000000000003
0.3128
0.37439999999999996
0.37160000000000004
0.33840000000000003
0.394
0.41240000000000004
0.3492
0.34800000000000003
0.3928
0.3048
0.35
0.35519999999999996
0.35519999999999996
0.38919999999999993
0.3792
0.3028
0.3108
0.3028
0.3124
0.3
0.32880000000000004
0.3832
0.37839999999999996
0.3476
0.3296
0.32680000000000003
0.35359999999999997
0.34400000000000003
0.3336
0.364
0.3572
0.3748
0.38239999999999996
0.33920000000000006
0.41559999999999997
0.33920000000000006
0.38680000000000003
0.32080000000000003
0.38280000000000003
0.3164
0.3356
0.3128
0.3635999999999999
0.3548
0.3096
0.3468
0.3196
0.3724
0.3452
0.34879999999999994
0.3144
0.31520000000000004
0.3144
0.38920000000000005
0.33120000000000005
0.33480000000000004
0.3456
0.4952
0.33080000000000004
0.3048
0.3752
0.386
0.3944
0.3176
0.3804
0.3028
0.3515999999999999
0.38079999999999997
0.3696
0.3116
0.3548
0.3848
0.3652
0.33680000000000004
0.3928
0.3004
0.37839999999999996
0.31880000000000003
0.38760000000000006
0.3148
0.384
0.308
0.3184
0.32120000000000004
0.3296
0.30920000000000003
0.3572
0.37320000000000003
0.37439999999999996
0.4072
0.39560000000000006
0.37160000000000004
0.3144
0.32120000000000004
0.39480000000000004
0.3808000000000001
0.3008
0.36639999999999995
0.3256
0.3028
0.32
0.37960000000000005
0.32720000000000005
0.3848
0.37760000000000005
0.3136
0.32880000000000004
0.3204
0.396
0.3804
0.3571999999999999
0.318
0.36479999999999996
0.392
0.33720000000000006
0.3008
0.3764
0.36839999999999995
0.35919999999999996
0.2988
0.38039999999999996
0.32120000000000004
0.3652
0.3116
0.35119999999999996
0.39320000000000005
0.3888
0.364
0.3628
0.33680000000000004
0.3276
0.34080000000000005
0.36599999999999994
0.358
0.3096
0.3436
0.3068
0.3612
0.2992
0.3236
0.32080000000000003
0.3336
0.37720000000000004
0.3096
0.314
0.3548
0.42279999999999995
0.3116
0.384
0.488
0.3076
0.3116
0.36319999999999997
0.3128
0.3452
0.3612
0.388
0.3928
0.3467999999999999
0.318
0.34800000000000003
0.35519999999999996
0.36640000000000006
0.3096
0.3104
0.31520000000000004
0.38680000000000003
0.34400000000000003
0.31920000000000004
0.39160000000000006
0.33720000000000006
0.3148
0.33240000000000003
0.36439999999999995
0.32680000000000003
0.3164
0.32
0.36879999999999996
0.3144
0.3276
0.30720000000000003
0.2992
0.2988
0.3588
0.318
0.3008
0.3044
0.33640000000000003
0.32480000000000003
0.322
0.35519999999999996
0.32320000000000004
0.33320000000000005
0.35679999999999995
0.32880000000000004
0.3628
0.3296
0.3396
0.398
0.32920000000000005
0.3456
0.338
0.3108
0.39760000000000006
0.3872
0.3244
0.3296
0.3651999999999999
0.31880000000000003
0.38120000000000004
0.3136
0.386
0.3028
0.32920000000000005
0.3472
0.38520000000000004
0.32280000000000003
0.32720000000000005
0.3096
0.3532
0.32520000000000004
0.422
0.308
0.3168
0.3848000000000001
0.32080000000000003
0.38
0.3136
0.2988
0.3028
0.402
0.3048
0.3096
0.302
0.3748
0.37399999999999994
0.3572
0.3508
0.3048
0.34400000000000003
0.3136
0.35919999999999996
0.32520000000000004
0.32680000000000003
0.3752000000000001
0.35839999999999994
0.3712
0.35280000000000006
0.2992
0.3952
0.3952
0.334
0.37320000000000003
0.37839999999999996
0.35519999999999996
0.3632000000000001
0.3056
0.3116
0.3992
0.33840000000000003
0.324
0.2992
0.38999999999999996
0.36719999999999997
0.35519999999999996
0.3867999999999999
0.3156
0.36319999999999997
0.348
0.3508
0.32920000000000005
0.32
0.35799999999999993
0.33920000000000006
0.3888
0.316
0.35520000000000007
0.33520000000000005
0.3244
0.37679999999999997
0.362
0.3044
0.3144
0.3084
0.3476
0.3032
0.34400000000000003
0.33680000000000004
0.33120000000000005
0.38680000000000003
0.38360000000000005
0.3712
0.33120000000000005
0.366
0.3792000000000001
0.34879999999999994
0.36479999999999996
0.3128
0.36319999999999997
0.34719999999999995
0.3848000000000001
0.3804
0.3896
0.3496
0.3264
0.3376
0.372
0.36879999999999996
0.3952
0.3492
0.36719999999999997
0.38520000000000004
0.34080000000000005
0.384
0.36079999999999995
0.3052
0.3264
0.38199999999999995
0.3572
0.38519999999999993
0.38639999999999997
0.38680000000000003
0.39720000000000005
0.3316
0.3216
0.3960000000000001
0.37639999999999996
0.3
0.3896
0.41
0.32480000000000003
0.37279999999999996
0.3928
0.3088
0.4008
0.3264
0.3604
0.3492
0.3944
0.38520000000000004
0.39080000000000004
0.3924
0.35680000000000006
0.304
0.3236
0.296
0.338
0.33520000000000005
0.35200000000000004
0.3052
0.35279999999999995
0.3296
0.37279999999999996
0.35519999999999996
0.38360000000000005
0.3164
0.42519999999999997
0.3884
0.3044
0.3531999999999999
0.3184
0.33240000000000003
0.3936
0.38280000000000003
0.3176
0.336
0.30920000000000003
0.33280000000000004
0.38760000000000006
0.38000000000000006
0.3084
0.384
0.304
0.3048
0.3536
0.2988
0.32280000000000003
0.35439999999999994
0.36199999999999993
0.36719999999999997
0.3928000000000001
0.33680000000000004
0.33320000000000005
0.3104
0.3012
0.3176
0.3412
0.3675999999999999
0.3304
0.3724
0.3467999999999999
0.37679999999999997
0.3776
0.3184
0.3571999999999999
0.35119999999999996
0.33840000000000003
0.4088
0.38280000000000003
0.37799999999999995
0.3848
0.3068
0.38999999999999996
0.3928000000000001
0.35119999999999996
0.382
0.3224
0.36920000000000003
0.366
0.3068
0.38760000000000006
0.3652
0.3476
0.3
0.39480000000000004
0.31320000000000003
0.3668
0.35680000000000006
0.33680000000000004
0.3788
0.32720000000000005
0.38239999999999996
0.3044
0.3336
0.3752
0.3968
0.40040000000000003
0.3672000000000001
0.33520000000000005
0.3068
0.3907999999999999
0.39080000000000004
0.3088
0.3492
0.32680000000000003
0.3848
0.41720000000000007
0.3707999999999999
0.3628
0.34199999999999997
0.3888
0.3516
0.3088
0.3124
0.36000000000000004
0.39479999999999993
0.35439999999999994
0.3016
0.36400000000000005
0.3088
0.364
0.3872000000000001
0.3196
0.5724
0.36719999999999997
0.3872000000000001
0.384
0.3872
0.36879999999999996
0.312
0.5768000000000001
0.334
0.34879999999999994
0.336
0.36479999999999996
0.38360000000000005
0.3116
0.38239999999999996
0.3792
0.3168
0.3448
0.3068
0.33280000000000004
0.36920000000000003
0.3516
0.3012
0.33280000000000004
0.3696
0.3587999999999999
0.384
0.37039999999999995
0.3264
0.3408
0.3788
0.33680000000000004
0.3707999999999999
0.35919999999999996
0.3096
0.3936
0.35440000000000005
0.3896
0.32880000000000004
0.34720000000000006
0.3048
0.318
0.358
0.37720000000000004
0.38
0.366
0.446
0.3104
0.33440000000000003
0.32520000000000004
0.34719999999999995
0.3864000000000001
0.336
0.35039999999999993
0.37320000000000003
0.3428
0.39960000000000007
0.3832
0.3128
0.4968
0.3184
0.3968
0.38120000000000004
0.3012
0.3428
0.38520000000000004
0.3284
0.3304
0.3316
0.33480000000000004
0.33440000000000003
0.3088
0.3276
0.326
0.3336
0.34719999999999995
0.3224
0.3356
0.3012
0.3196
0.3492
0.32480000000000003
0.36
0.3804
0.36760000000000004
0.3156
0.3936
0.49960000000000004
0.414
0.4272
0.5088000000000001
0.46840000000000004
0.4699999999999999
0.4136
0.49800000000000005
0.4312
0.40680000000000005
0.4088
0.49960000000000004
0.4128
0.47520000000000007
0.41159999999999997
0.4288
0.4976
0.4264
0.4896
0.4936
0.41719999999999996
0.48840000000000006
0.4072
0.48360000000000003
0.4704
0.4272
0.4640000000000001
0.49119999999999997
0.4048
0.5528
0.41879999999999995
0.4412
0.4692
0.5088
0.41319999999999996
0.40119999999999995
0.49879999999999997
0.4436
0.4288
0.4992
0.4184
0.43879999999999997
0.4056
0.4944
0.4288
0.48279999999999995
0.4184
0.42800000000000005
0.40680000000000005
0.5012000000000001
0.4404
0.40919999999999995
0.48040000000000005
0.43879999999999997
0.4744
0.4652
0.40280000000000005
0.41719999999999996
0.41879999999999995
0.4344
0.4992
0.5008
0.42960000000000004
0.4104
0.502
0.488
0.4972
0.4064
0.4888
0.4128
0.5064
0.4972
0.508
0.4168
0.41559999999999997
0.41319999999999996
0.4704
0.5012000000000001
0.4944
0.5024
0.40920000000000006
0.4992
0.48319999999999996
0.42279999999999995
0.4444
0.5032
0.4468
0.5068
0.4676
0.4652
0.47040000000000004
0.4856
0.45600000000000007
0.5312
0.40520000000000006
0.42800000000000005
0.47519999999999996
0.42000000000000004
0.484
0.4384
0.5191999999999999
0.4932
0.44000000000000006
0.492
0.4948
0.41719999999999996
0.5024000000000001
0.4372
0.5492
0.49879999999999997
0.4344
0.5024
0.4304
0.5
0.40680000000000005
0.446
0.406
0.4236
0.41200000000000003
0.40599999999999997
0.47240000000000004
0.442
0.46480000000000005
0.40920000000000006
0.422
0.44960000000000006
0.47919999999999996
0.49399999999999994
0.4136
0.41159999999999997
0.48840000000000006
0.4864
0.5012000000000001
0.44880000000000003
0.47639999999999993
0.4192
0.49160000000000004
0.49800000000000005
0.4952
0.4972
0.42160000000000003
0.4328
0.4524
0.462
0.4152
0.4232
0.4144
0.422
0.4276
0.4032000000000001
0.45280000000000004
0.43520000000000003
0.4896
0.39880000000000004
0.4848
0.4912000000000001
0.40120000000000006
0.45840000000000003
0.496
0.4868
0.4248
0.4224
0.5008
0.5384
0.40280000000000005
0.49640000000000006
0.4008
0.4976
0.46320000000000006
0.41600000000000004
0.4808
0.48319999999999996
0.47640000000000005
0.41879999999999995
0.40919999999999995
0.47639999999999993
0.4128
0.4324
0.48279999999999995
0.5032
0.44000000000000006
0.4984
0.4144
0.49239999999999995
0.4208
0.504
0.48919999999999997
0.5012000000000001
0.5028
0.45840000000000003
0.418
0.47319999999999995
0.4852
0.43760000000000004
0.49960000000000004
0.4248
0.4912000000000001
0.4444
0.4968
0.4048
0.4548
0.45520000000000005
0.4548
0.4944
0.47919999999999996
0.40280000000000005
0.41079999999999994
0.4040000000000001
0.4144
0.4064
0.4316
0.49000000000000005
0.488
0.5196
0.42960000000000004
0.43
0.4736000000000001
0.4408
0.4304
0.4812
0.4596
0.4868
0.4808
0.4372
0.4992
0.4344
0.5004
0.4288
0.48119999999999996
0.4164
0.43479999999999996
0.4104
0.49160000000000004
0.4748
0.41559999999999997
0.4464
0.4204
0.4744
0.4452
0.44720000000000004
0.41879999999999995
0.4144
0.4224
0.48919999999999997
0.4316
0.4372
0.4504
0.46840000000000004
0.4288
0.4124
0.4856
0.4944
0.49879999999999997
0.41879999999999995
0.4976
0.4064
0.45520000000000005
0.49000000000000005
0.49079999999999996
0.4116000000000001
0.492
0.48719999999999997
0.4932
0.4372
0.5032
0.39799999999999996
0.47759999999999997
0.4204
0.4932
0.4164
0.48360000000000003
0.40560000000000007
0.4232
0.42960000000000004
0.43079999999999996
0.4168
0.4572
0.47319999999999995
0.4699999999999999
0.4248
0.502
0.46799999999999997
0.4204
0.4232
0.49960000000000004
0.49800000000000005
0.4008
0.4664
0.42679999999999996
0.4048
0.41600000000000004
0.49399999999999994
0.4304
0.48840000000000006
0.4768
0.4112
0.4288
0.4236
0.502
0.48599999999999993
0.45520000000000005
0.418
0.4912000000000001
0.5012000000000001
0.4368
0.4008
0.48840000000000006
0.46440000000000003
0.45920000000000005
0.39880000000000004
0.508
0.4184
0.4808
0.41159999999999997
0.45200000000000007
0.5004
0.4992
0.4640000000000001
0.47520000000000007
0.4344
0.4272
0.49119999999999997
0.4904
0.45840000000000003
0.41
0.4692
0.40680000000000005
0.4948
0.3992000000000001
0.42160000000000003
0.4224
0.4384
0.49800000000000005
0.40919999999999995
0.414
0.49280000000000007
0.4728
0.4164
0.4904
0.4248
0.4076000000000001
0.4184
0.46320000000000006
0.41200000000000003
0.44279999999999997
0.4612
0.4932
0.4972
0.5164000000000001
0.42000000000000004
0.4476
0.5092000000000001
0.46560000000000007
0.41320000000000007
0.4104
0.4152
0.5012000000000001
0.4912000000000001
0.4192
0.5004
0.4384
0.4144
0.43079999999999996
0.46080000000000004
0.42679999999999996
0.41200000000000003
0.418
0.4699999999999999
0.4144
0.42679999999999996
0.4072000000000001
0.3992000000000001
0.39880000000000004
0.47680000000000006
0.4184
0.4008000000000001
0.4032
0.4364
0.42560000000000003
0.4204
0.4908000000000001
0.4244
0.4364
0.4544
0.43200000000000005
0.4652
0.4244
0.5452
0.5016
0.42560000000000003
0.4468
0.4368
0.41079999999999994
0.5016
0.4992
0.4284
0.4288
0.46840000000000004
0.41479999999999995
0.4888
0.42279999999999995
0.4868
0.40800000000000003
0.43360000000000004
0.44720000000000004
0.4936
0.42279999999999995
0.4244
0.4192
0.5324
0.42279999999999995
0.42960000000000004
0.41159999999999997
0.4168
0.4932
0.4204
0.48119999999999996
0.4168
0.39880000000000004
0.4040000000000001
0.5028
0.4048
0.4196
0.4044
0.4788
0.4816
0.4572
0.4508
0.4088
0.44400000000000006
0.4144
0.5076
0.4232
0.42679999999999996
0.47519999999999996
0.4596
0.47119999999999995
0.45520000000000005
0.4016
0.49879999999999997
0.5
0.4628
0.47519999999999996
0.4976
0.492
0.4612
0.4084
0.4116000000000001
0.502
0.5167999999999999
0.42919999999999997
0.4128
0.49079999999999996
0.48279999999999995
0.49400000000000005
0.5
0.418
0.46320000000000006
0.5116
0.5108
0.4264
0.42160000000000003
0.45840000000000003
0.4368
0.4948
0.4184
0.45640000000000003
0.43520000000000003
0.42119999999999996
0.4784
0.4788
0.40440000000000004
0.41879999999999995
0.4124
0.44560000000000005
0.4
0.4468
0.43920000000000003
0.4316
0.48919999999999997
0.5064
0.47919999999999996
0.4332
0.46799999999999997
0.4784
0.44880000000000003
0.4812
0.4144
0.4788
0.44480000000000003
0.4936
0.4788
0.4952
0.44960000000000006
0.4248
0.4664
0.4728
0.47119999999999995
0.49559999999999993
0.476
0.46720000000000006
0.4976
0.44160000000000005
0.48119999999999996
0.5308
0.40800000000000003
0.4332
0.4795999999999999
0.4572
0.4928
0.49399999999999994
0.484
0.5
0.4272
0.4192
0.5004
0.5016
0.40680000000000005
0.5028
0.43
0.422
0.49000000000000005
0.4992
0.4088
0.5016
0.42560000000000003
0.4612
0.5247999999999999
0.5024
0.4875999999999999
0.4932
0.4932
0.5132
0.404
0.4244
0.40040000000000003
0.44000000000000006
0.4332
0.47119999999999995
0.40279999999999994
0.45760000000000006
0.4284
0.47639999999999993
0.45520000000000005
0.49879999999999997
0.4152
0.4356
0.49399999999999994
0.4032
0.4532
0.4204
0.4316
0.49640000000000006
0.48200000000000004
0.42000000000000004
0.4396
0.40800000000000003
0.4328
0.4904
0.48040000000000005
0.4112
0.4984
0.4040000000000001
0.4048
0.514
0.39880000000000004
0.41720000000000007
0.5364
0.46240000000000003
0.46720000000000006
0.4976
0.5167999999999999
0.4332
0.4104
0.40120000000000006
0.4208
0.5164
0.4683999999999999
0.4304
0.4944
0.5191999999999999
0.488
0.49800000000000005
0.4272
0.5096
0.4796
0.4384
0.42679999999999996
0.49119999999999997
0.4768
0.48719999999999997
0.4096
0.4904
0.4976
0.4508
0.49960000000000004
0.42119999999999996
0.4692
0.466
0.40680000000000005
0.4932
0.4652
0.4696000000000001
0.4016
0.5004
0.4196
0.462
0.4772
0.4396
0.4795999999999999
0.4244
0.484
0.40440000000000004
0.43479999999999996
0.5092000000000001
0.502
0.5028
0.4928
0.43520000000000003
0.40680000000000005
0.4968
0.49800000000000005
0.41200000000000003
0.4484
0.4232
0.48719999999999997
0.43879999999999997
0.4716
0.47520000000000007
0.44000000000000006
0.5
0.47240000000000004
0.4088
0.41240000000000004
0.4600000000000001
0.5016
0.5168
0.4016
0.46399999999999997
0.40599999999999997
0.506
0.4936
0.42679999999999996
0.4328
0.46640000000000004
0.49399999999999994
0.48599999999999993
0.4928
0.48200000000000004
0.41319999999999996
0.4408
0.4384
0.44880000000000003
0.43760000000000004
0.46480000000000005
0.4852
0.418
0.502
0.48
0.4168
0.44480000000000003
0.41
0.5187999999999999
0.49800000000000005
0.5588000000000001
0.39880000000000004
0.43200000000000005
0.4932
0.4588
0.4864
0.49079999999999996
0.42960000000000004
0.4408
0.48919999999999997
0.5471999999999999
0.472
0.4600000000000001
0.41479999999999995
0.5008
0.5104
0.49119999999999997
0.4288
0.514
0.4072
0.4184
0.476
0.4772
0.4808
0.49640000000000006
0.5144000000000001
0.41400000000000003
0.4652
0.42519999999999997
0.44480000000000003
0.492
0.4368
0.5184
0.4972
0.5499999999999999
0.5
0.4968
0.4128
0.4272
0.41559999999999997
0.5016
0.48119999999999996
0.39960000000000007
0.4464
0.5004
0.43360000000000004
0.42960000000000004
0.42800000000000005
0.4332
0.4652
0.4088
0.426
0.42519999999999997
0.43479999999999996
0.4928
0.418
0.43479999999999996
0.4064
0.4164
0.4468
0.4248
0.4628
0.49079999999999996
0.4796
0.4204
0.5016
0.5963999999999999
0.5144
0.526
0.5352
0.5728
0.566
0.5048
0.5895999999999999
0.49639999999999995
0.5044000000000001
0.5076
0.592
0.5128
0.558
0.5088000000000001
0.5311999999999999
0.5892
0.5056
0.5784
0.5424
0.5144
0.5436
0.5024000000000001
0.5708
0.5692
0.516
0.5639999999999998
0.5851999999999999
0.5028
0.5076
0.508
0.5412
0.5664
0.5448
0.5052
0.5012
0.5851999999999999
0.5444000000000001
0.5288
0.5524
0.5035999999999999
0.5388
0.4992
0.5056
0.5156000000000001
0.5856
0.5107999999999999
0.5072
0.5044000000000001
0.592
0.538
0.5024
0.57
0.5388
0.5708
0.5408000000000001
0.5
0.518
0.5188
0.5368
0.592
0.5903999999999999
0.5204000000000001
0.5104
0.5963999999999999
0.5843999999999999
0.5731999999999999
0.5039999999999999
0.5776
0.512
0.574
0.59
0.5767999999999999
0.512
0.5072
0.5044
0.5484
0.6003999999999999
0.5431999999999999
0.5731999999999999
0.5
0.5955999999999999
0.5831999999999999
0.5227999999999999
0.5416000000000001
0.6
0.5468
0.5176000000000001
0.5424000000000001
0.5652
0.5456
0.5824
0.5344
0.5568000000000001
0.506
0.5284000000000001
0.5727999999999999
0.5044
0.5900000000000001
0.538
0.5348
0.5592
0.54
0.5820000000000001
0.5923999999999999
0.5196
0.5927999999999999
0.5372
0.492
0.5988
0.5328000000000002
0.5868
0.5267999999999999
0.5968
0.5044000000000001
0.5452000000000001
0.502
0.49160000000000004
0.5132
0.5044000000000001
0.568
0.5104000000000001
0.5719999999999998
0.5035999999999999
0.506
0.5496000000000001
0.5768
0.592
0.5064
0.5035999999999999
0.5887999999999999
0.5736
0.5948
0.5448000000000001
0.5711999999999999
0.5084
0.5815999999999999
0.5755999999999999
0.542
0.5479999999999999
0.5272
0.5328
0.5532
0.5612
0.5076
0.5096
0.5088
0.5115999999999999
0.5208
0.5032
0.5528000000000001
0.5327999999999999
0.5791999999999999
0.5016
0.5892
0.5124000000000001
0.5028
0.5544
0.582
0.5723999999999999
0.5151999999999999
0.5216000000000001
0.5952
0.5484
0.5028
0.5483999999999999
0.5032
0.5923999999999999
0.5388000000000001
0.5076
0.5664
0.5208
0.5564
0.5188
0.506
0.5755999999999999
0.5096
0.5324
0.5780000000000001
0.5955999999999999
0.54
0.5952
0.5128
0.5864
0.5196
0.5984
0.5528
0.5955999999999999
0.5963999999999999
0.5576000000000001
0.4992
0.576
0.5476
0.5384
0.592
0.5307999999999999
0.5508000000000001
0.5471999999999999
0.5928
0.5048
0.55
0.5552
0.5136000000000001
0.5892000000000001
0.5791999999999999
0.5028
0.5064
0.5016
0.5044
0.5
0.5288
0.5831999999999999
0.5816
0.5456
0.5296000000000001
0.5268
0.5536000000000001
0.5440000000000002
0.5336000000000001
0.5640000000000001
0.5148
0.5492
0.5835999999999999
0.5224
0.5252
0.5388
0.5892
0.5144
0.5823999999999999
0.51
0.5356
0.504
0.5628
0.5548000000000001
0.5027999999999999
0.5112
0.5136000000000001
0.5684
0.5268
0.5488000000000002
0.502
0.5152
0.5004
0.5892
0.5064
0.5348
0.5452
0.5112
0.5307999999999999
0.5
0.5751999999999999
0.5828
0.5988
0.5156000000000001
0.5803999999999999
0.5028
0.5536
0.5808
0.5744
0.5067999999999999
0.49160000000000004
0.5871999999999999
0.5652
0.5067999999999999
0.5912
0.5012
0.5835999999999999
0.5187999999999999
0.592
0.5096
0.5831999999999999
0.5024000000000001
0.5052
0.504
0.5296000000000001
0.5035999999999999
0.5572000000000001
0.5731999999999999
0.5776
0.5164
0.5955999999999999
0.5744
0.5056
0.5136000000000001
0.5972
0.5807999999999999
0.5032
0.5664
0.5244
0.5028
0.5200000000000001
0.5811999999999999
0.5272
0.5848
0.5791999999999999
0.5104000000000001
0.5288
0.5228
0.5988
0.586
0.5572
0.5064
0.514
0.5848
0.5227999999999999
0.5008
0.5763999999999999
0.5684
0.536
0.5012
0.5804
0.5064
0.5651999999999999
0.51
0.5324
0.5932
0.5888
0.564
0.5624
0.522
0.5184
0.5440000000000002
0.542
0.558
0.5076
0.5439999999999999
0.5044000000000001
0.5612
0.502
0.5072
0.5132
0.5336000000000001
0.5731999999999999
0.504
0.5048
0.5344000000000001
0.5408000000000001
0.5072
0.5536000000000001
0.5071999999999999
0.5044
0.5035999999999999
0.5632
0.5040000000000001
0.5428000000000001
0.5612
0.5887999999999999
0.5908
0.5492000000000001
0.5048
0.548
0.5564000000000001
0.5668
0.5016
0.506
0.5096
0.5868
0.5264
0.512
0.5896
0.5372
0.5147999999999999
0.5044000000000001
0.5644
0.5268
0.5032
0.5032
0.5711999999999999
0.5088
0.524
0.5040000000000001
0.4991999999999999
0.5012
0.5152
0.5192
0.5007999999999999
0.4992
0.5372
0.5248000000000002
0.5147999999999999
0.5552
0.5232000000000001
0.5332000000000001
0.5584000000000001
0.5288
0.5632
0.4984
0.5088
0.598
0.5292000000000001
0.5456
0.5391999999999999
0.5064
0.5983999999999999
0.5828
0.5164
0.5311999999999999
0.5631999999999999
0.5132
0.5811999999999999
0.51
0.5851999999999999
0.49960000000000004
0.5292
0.5316000000000001
0.5851999999999999
0.5227999999999999
0.49960000000000004
0.4992
0.4904
0.5252
0.5248
0.5052000000000001
0.5168
0.5847999999999999
0.5072
0.5776
0.512
0.5012
0.5016
0.5995999999999999
0.5048
0.4992
0.5004000000000001
0.5744
0.5731999999999999
0.5572000000000001
0.5508000000000001
0.5016
0.5440000000000002
0.5076
0.5588
0.514
0.5268
0.5751999999999999
0.5604
0.5711999999999999
0.5528000000000001
0.4992
0.5952
0.5963999999999999
0.5056
0.5716
0.5504
0.556
0.5644
0.5028
0.5067999999999999
0.5992
0.5092000000000001
0.5232
0.4992
0.5912
0.5671999999999999
0.5552
0.5868
0.5092000000000001
0.5632
0.5492000000000001
0.51
0.5176000000000001
0.5048
0.5572
0.5368
0.5888
0.4992
0.5552000000000001
0.5352
0.49160000000000004
0.5772
0.562
0.5044000000000001
0.5056
0.5016
0.548
0.5032
0.5456000000000001
0.5368
0.5312
0.5892
0.5791999999999999
0.5735999999999999
0.5308
0.564
0.5791999999999999
0.5488000000000001
0.5416000000000001
0.5
0.5632
0.5448000000000001
0.5847999999999999
0.58
0.5896
0.5496000000000001
0.5172000000000001
0.5376
0.574
0.5688
0.5980000000000001
0.5492000000000001
0.5672
0.5820000000000001
0.5408
0.5868
0.5599999999999999
0.5039999999999999
0.5056
0.5860000000000001
0.5572000000000001
0.5852
0.5864
0.5888
0.5972
0.5312
0.5056
0.5959999999999999
0.5783999999999999
0.5
0.5883999999999999
0.5200000000000001
0.5248
0.5755999999999999
0.5952
0.5056
0.5984
0.516
0.562
0.5296000000000001
0.5944
0.582
0.5932
0.5927999999999999
0.5568
0.5039999999999999
0.516
0.49960000000000004
0.5392
0.534
0.5532
0.5016
0.5524000000000001
0.5304
0.5735999999999999
0.5552
0.5835999999999999
0.5048
0.5276000000000001
0.5868
0.5004000000000001
0.5532
0.5112
0.5184
0.5976
0.5876
0.5156
0.5075999999999999
0.5056
0.5328000000000002
0.5864
0.5799999999999998
0.5028
0.5831999999999999
0.4991999999999999
0.502
0.5128
0.5016
0.516
0.5548000000000001
0.562
0.5672
0.5927999999999999
0.5412000000000001
0.5332000000000001
0.5044000000000001
0.5044000000000001
0.5064
0.5248000000000002
0.5676
0.5276
0.5448000000000001
0.5088000000000001
0.5768
0.5776
0.5064
0.5132000000000001
0.5512
0.5396000000000001
0.5268
0.5804
0.5776
0.5871999999999999
0.5035999999999999
0.5900000000000001
0.5927999999999999
0.5324000000000001
0.5788
0.5248
0.5691999999999999
0.5664
0.5044000000000001
0.5875999999999999
0.5652
0.5096
0.5
0.5932
0.5084
0.5671999999999999
0.5132000000000001
0.5368
0.5848
0.5272
0.5771999999999999
0.5016
0.5328000000000002
0.5204
0.5968
0.5988
0.5671999999999999
0.522
0.5040000000000001
0.5908
0.5896
0.508
0.5492
0.5172000000000001
0.5871999999999999
0.5388
0.5708
0.5624
0.5092000000000001
0.5912
0.5516
0.5032
0.508
0.5599999999999999
0.596
0.5328
0.5016
0.5404
0.4992
0.5172000000000001
0.5871999999999999
0.5128
0.49879999999999997
0.5660000000000001
0.5871999999999999
0.582
0.5871999999999999
0.568
0.508
0.5256000000000001
0.534
0.5128
0.5376000000000001
0.5648000000000001
0.5843999999999999
0.5024000000000001
0.5824
0.5763999999999999
0.5104000000000001
0.5448000000000001
0.5044000000000001
0.5372
0.5691999999999999
0.5516
0.5012
0.4972
0.5187999999999999
0.5588
0.5808
0.5736
0.5052000000000001
0.5408000000000001
0.5788
0.5067999999999999
0.5708
0.5592
0.49879999999999997
0.5943999999999999
0.5532
0.5888
0.5288
0.5112
0.5024000000000001
0.5176000000000001
0.5588000000000001
0.5771999999999999
0.5803999999999999
0.5660000000000001
0.5528000000000001
0.5028
0.5208
0.5156000000000001
0.5472
0.5860000000000001
0.536
0.5484
0.5227999999999999
0.508
0.5963999999999999
0.5772
0.5040000000000001
0.5348
0.5184
0.5992
0.5816
0.5016
0.5428000000000001
0.5883999999999999
0.5144
0.53
0.5096
0.5347999999999999
0.5192
0.5064
0.4952
0.526
0.534
0.5492000000000001
0.5156000000000001
0.5364000000000001
0.49960000000000004
0.5196
0.5468
0.5248
0.5599999999999999
0.5803999999999999
0.5196
0.5156
0.5936
0.6956
0.6148
0.6260000000000001
0.6576000000000001
0.6679999999999999
0.6712
0.6108
0.6931999999999998
0.6256
0.6068
0.6096
0.6899999999999998
0.6128
0.6572000000000001
0.6096
0.6287999999999999
0.6931999999999999
0.6208
0.6812
0.6688000000000001
0.6232
0.6716000000000001
0.6048
0.6732000000000001
0.6704000000000001
0.6272
0.6639999999999999
0.6852
0.6048
0.6384000000000001
0.6136
0.6412
0.6692000000000001
0.6812
0.6132
0.6012000000000001
0.69
0.6436
0.6288
0.6812
0.6144000000000001
0.6388
0.5992
0.6355999999999999
0.6287999999999999
0.6828000000000001
0.6148
0.624
0.6068
0.692
0.6404000000000001
0.6092
0.6668000000000001
0.6388
0.6744
0.6652
0.6
0.6180000000000001
0.6188
0.6344000000000001
0.6943999999999999
0.6952
0.6328
0.6104
0.6991999999999999
0.6876
0.6732
0.608
0.6776000000000001
0.6119999999999999
0.6824
0.6931999999999999
0.6772
0.6168
0.6196
0.6132
0.65
0.698
0.6724
0.6672
0.6
0.6955999999999999
0.6832
0.6228
0.6452000000000001
0.7
0.6468
0.6724
0.646
0.6652
0.6456
0.6844
0.6548
0.6492
0.6028
0.6279999999999999
0.6752
0.6123999999999999
0.6848
0.6444000000000001
0.6348
0.656
0.6399999999999999
0.6852
0.6895999999999999
0.6216
0.6963999999999999
0.6372
0.6444
0.6988
0.6328
0.6948
0.63
0.6956
0.6068
0.6448
0.6052
0.6188
0.6132
0.6043999999999999
0.6724
0.6408
0.6624
0.6068
0.622
0.6492000000000001
0.6792
0.6900000000000001
0.616
0.6068
0.6876
0.6736000000000001
0.6948
0.6464
0.6764000000000001
0.6164
0.6859999999999999
0.682
0.6764
0.674
0.6248
0.6328
0.6524
0.6636
0.6096
0.6315999999999999
0.6144000000000001
0.6192
0.6324
0.6032
0.6528
0.6352
0.6792
0.5988
0.6848
0.6528
0.5988
0.656
0.6915999999999999
0.6724
0.6199999999999999
0.6232
0.6979999999999998
0.6452
0.6028
0.678
0.6032
0.6923999999999999
0.6632
0.6136
0.6664000000000001
0.6740000000000002
0.6564
0.6188
0.6079999999999999
0.6764
0.612
0.6324
0.6816000000000001
0.6956
0.6399999999999999
0.6980000000000001
0.6136
0.6864000000000001
0.6288
0.6984
0.682
0.6984
0.6963999999999999
0.6572
0.6144000000000001
0.6724
0.6716
0.638
0.694
0.6308
0.6536000000000001
0.644
0.6927999999999999
0.6048
0.6552
0.6528
0.6592
0.6891999999999999
0.6792
0.6052
0.6108
0.6039999999999999
0.6123999999999999
0.6
0.6336
0.6832
0.6792
0.6392
0.6296
0.6292000000000001
0.6504000000000001
0.6396
0.6304000000000001
0.668
0.6612
0.6748000000000001
0.6808000000000001
0.6364
0.6364
0.6352
0.6868
0.6304000000000001
0.6824000000000001
0.6164
0.6372
0.6128
0.664
0.6564
0.6108
0.6476
0.6207999999999999
0.6744
0.6452
0.6472
0.6188
0.6155999999999999
0.6144000000000001
0.6891999999999999
0.6308
0.6384
0.6512
0.6368
0.6287999999999999
0.604
0.6752
0.6868
0.6968
0.6208
0.6788000000000001
0.6052
0.6564000000000001
0.6808000000000001
0.6676000000000001
0.6115999999999999
0.6564000000000001
0.6872
0.6628000000000001
0.638
0.6952
0.6003999999999999
0.6776000000000001
0.6188
0.688
0.6136
0.684
0.6087999999999999
0.6155999999999999
0.6275999999999999
0.6296
0.6092
0.6572
0.6732
0.67
0.6248
0.6956
0.668
0.6188
0.6184000000000001
0.6971999999999999
0.6808
0.6032
0.6664000000000001
0.626
0.6028
0.6176
0.6764
0.6304000000000001
0.688
0.6768000000000001
0.6135999999999999
0.6288
0.6260000000000001
0.6988
0.6784000000000001
0.6536000000000001
0.618
0.6644000000000001
0.692
0.6368
0.6008
0.6764
0.6644
0.6568
0.6012
0.684
0.624
0.6652
0.6104
0.654
0.6931999999999999
0.6887999999999999
0.6639999999999999
0.6608
0.6344000000000001
0.6256
0.6404
0.6684000000000001
0.6588
0.6096
0.6488
0.6068
0.6612
0.5992
0.6216
0.6188
0.6384
0.6796
0.6127999999999999
0.614
0.6496
0.6408
0.6132
0.684
0.6248
0.6075999999999999
0.6132
0.6632
0.6128
0.6428
0.6588
0.6880000000000001
0.6927999999999999
0.6468
0.6144000000000001
0.648
0.6540000000000001
0.6656000000000001
0.6096
0.6104
0.6152
0.686
0.6484000000000001
0.6192
0.6943999999999999
0.6384000000000001
0.614
0.6348
0.6607999999999999
0.6268
0.6092
0.618
0.6688000000000001
0.6144000000000001
0.6292
0.6072
0.5992
0.6012
0.66
0.6167999999999999
0.6007999999999999
0.6032
0.6364000000000001
0.6272
0.6228
0.6508
0.6232
0.638
0.654
0.6288
0.6656000000000001
0.6292
0.6444
0.698
0.626
0.6468
0.6367999999999999
0.6108
0.7
0.6872
0.6248
0.6287999999999999
0.6684000000000001
0.6188
0.6812
0.6164
0.6859999999999999
0.6056
0.6312
0.6472
0.6888
0.6228
0.6239999999999999
0.6144000000000001
0.6548
0.6228
0.6388
0.6096
0.6168
0.6848
0.6232
0.6808000000000001
0.6168
0.6012
0.6039999999999999
0.6996
0.6048
0.6096
0.604
0.6788000000000001
0.6708000000000001
0.6548
0.6508
0.6048
0.6439999999999999
0.6124
0.6552
0.6232
0.6268
0.6752
0.6608
0.6712
0.656
0.5992
0.6952
0.6971999999999999
0.6355999999999999
0.6752
0.6808
0.6532
0.6604
0.6056
0.6115999999999999
0.6991999999999999
0.6416000000000001
0.6272
0.5992
0.6900000000000001
0.6708000000000001
0.6552
0.6868
0.6155999999999999
0.6608
0.6464000000000001
0.6508
0.6268
0.6216
0.6584000000000001
0.6368
0.6916
0.6112
0.6559999999999999
0.6352
0.6188
0.6780000000000002
0.6588
0.6043999999999999
0.6164
0.6088
0.6456
0.6032
0.6472
0.6392
0.6336
0.6891999999999999
0.6868000000000001
0.6676000000000001
0.6332
0.6684
0.6780000000000002
0.6488
0.6672
0.608
0.6604
0.6448
0.6848
0.6788000000000001
0.6924
0.6496000000000001
0.6248
0.6424
0.6728000000000001
0.6712
0.6968
0.6492
0.6672
0.6868000000000001
0.6428
0.6820000000000002
0.652
0.606
0.6344000000000001
0.68
0.6548
0.6851999999999999
0.6864
0.6852
0.6971999999999999
0.6284
0.6180000000000001
0.6971999999999999
0.6724
0.6043999999999999
0.694
0.63
0.6248
0.6696
0.6952
0.6088
0.7015999999999999
0.6268
0.6612
0.65
0.6943999999999999
0.6848000000000001
0.6931999999999999
0.692
0.6504000000000001
0.604
0.6228
0.5972
0.646
0.6348
0.6508
0.6052
0.6580000000000001
0.628
0.6748000000000001
0.6552
0.6828000000000001
0.6092
0.642
0.6884
0.6035999999999999
0.6532000000000001
0.6184000000000001
0.6336
0.6952
0.6836
0.6180000000000001
0.6396
0.6079999999999999
0.6327999999999999
0.6891999999999999
0.6799999999999999
0.6083999999999999
0.6859999999999999
0.6043999999999999
0.6047999999999999
0.6528
0.5988
0.6264000000000001
0.6492
0.6632
0.6672
0.6956
0.6384000000000001
0.6332
0.6104
0.6012
0.62
0.6439999999999999
0.6684
0.6324000000000001
0.6752
0.6448
0.6768000000000001
0.6776000000000001
0.6256
0.6604
0.6488
0.64
0.6268
0.6852
0.6768000000000001
0.6872
0.6068
0.6900000000000001
0.6928
0.6508
0.6852
0.6232
0.6692
0.6656000000000001
0.6068
0.6876
0.6652
0.6500000000000001
0.6
0.6948000000000001
0.6176
0.6620000000000001
0.6596
0.6396
0.6776
0.6244
0.6836
0.6043999999999999
0.6332
0.6768000000000001
0.6991999999999999
0.7011999999999999
0.666
0.6352
0.6068
0.6935999999999999
0.6931999999999999
0.6104
0.6488
0.6292000000000001
0.6872
0.6388
0.6716
0.6596
0.6407999999999999
0.6911999999999999
0.6532
0.6087999999999999
0.6123999999999999
0.6588
0.6948000000000001
0.6464000000000001
0.6016
0.6648000000000001
0.6075999999999999
0.6652
0.6900000000000001
0.6212000000000001
0.6328
0.6660000000000001
0.6900000000000001
0.6848
0.6872
0.6712
0.6112
0.6408
0.6384
0.6488
0.6392
0.6648000000000001
0.6852
0.6152
0.6848000000000001
0.68
0.6167999999999999
0.6448
0.608
0.6348
0.6692
0.6484
0.5988
0.6296
0.6724
0.6588
0.6848000000000001
0.6696000000000001
0.6248
0.6408
0.6788000000000001
0.6416000000000001
0.6716
0.6588
0.6108
0.6935999999999999
0.6496000000000001
0.6900000000000001
0.6288
0.6468
0.6048
0.6180000000000001
0.6624
0.6772
0.6804
0.6252000000000001
0.6528
0.614
0.6348
0.6252
0.6448
0.6848
0.6372
0.6424000000000001
0.6748000000000001
0.6416000000000001
0.7007999999999999
0.6832
0.6128
0.6348
0.6176
0.6991999999999999
0.6812
0.6012000000000001
0.6452
0.6883999999999999
0.6335999999999999
0.6308
0.6352
0.6344
0.6376
0.6088
0.6255999999999999
0.6260000000000001
0.6348
0.652
0.6228
0.6348
0.6028
0.6164
0.6468
0.6248
0.6628000000000001
0.6804
0.6684
0.62
0.6964
0.7971999999999999
0.7136000000000001
0.726
0.7567999999999999
0.7724
0.7656
0.708
0.7908
0.7304
0.7068
0.7115999999999999
0.792
0.7128
0.7596
0.712
0.7312
0.7904
0.7183999999999999
0.7796000000000001
0.7767999999999999
0.7232
0.768
0.7048
0.7684000000000001
0.7684
0.7267999999999999
0.7651999999999999
0.7852
0.7047999999999999
0.7352
0.7108
0.74
0.7672000000000001
0.7716000000000001
0.7116
0.7011999999999998
0.7872
0.744
0.7288
0.7716
0.7104000000000001
0.7388
0.7007999999999999
0.7323999999999999
0.7235999999999999
0.7856
0.7148
0.7207999999999999
0.7068
0.792
0.7363999999999999
0.7091999999999998
0.768
0.5740000000000001
0.7688
0.7636000000000001
0.7
0.718
0.7188
0.7367999999999999
0.792
0.7928000000000001
0.7315999999999999
0.7103999999999999
0.7964
0.7864000000000001
0.7708000000000002
0.7068
0.7776
0.7104000000000001
0.7724
0.7904
0.7744000000000001
0.7167999999999999
0.7215999999999999
0.7103999999999999
0.7564
0.7976
0.7664000000000001
0.7736
0.7
0.7956000000000001
0.7832000000000001
0.724
0.7404
0.8
0.7468
0.7656
0.7436
0.7612
0.7468
0.7832000000000001
0.7536
0.7592000000000001
0.7028000000000001
0.7283999999999999
0.772
0.7124
0.788
0.7379999999999999
0.7344000000000002
0.756
0.7395999999999999
0.7804
0.7924000000000001
0.7196
0.7928000000000001
0.6552
0.7436
0.7988000000000001
0.7328
0.7944000000000001
0.7267999999999999
0.7956000000000001
0.7068
0.7452
0.7051999999999999
0.7224
0.7132
0.7043999999999999
0.7676000000000001
0.742
0.7727999999999999
0.7068000000000001
0.7171999999999998
0.7496
0.7788
0.792
0.7143999999999999
0.7068
0.788
0.7712000000000001
0.7948000000000001
0.7455999999999999
0.7712000000000001
0.714
0.7816
0.7772000000000001
0.7668000000000001
0.7664
0.7212
0.7327999999999999
0.7524
0.7624000000000001
0.7096
0.7268000000000001
0.7116
0.7163999999999999
0.48999999999999994
0.7031999999999999
0.7532000000000001
0.7323999999999999
0.782
0.6988
0.7892
0.7487999999999999
0.7011999999999999
0.7592
0.7916000000000001
0.772
0.7219999999999999
0.7215999999999999
0.7952000000000001
0.7475999999999999
0.7028
0.7716000000000001
0.7032
0.7924
0.7612
0.7112
0.7612
0.768
0.7552
0.7188
0.7068
0.7756000000000001
0.7095999999999999
0.7323999999999999
0.7796
0.7956000000000001
0.7404
0.7952
0.714
0.7864000000000001
0.732
0.7984
0.782
0.7956000000000001
0.7964
0.758
0.7095999999999999
0.7756000000000001
0.78
0.7372
0.7928
0.7336
0.7516
0.7472
0.7928000000000001
0.7048
0.7492000000000001
0.7532
0.7540000000000001
0.7891999999999999
0.7792
0.7028
0.7108
0.704
0.7084
0.7
0.7288
0.7792
0.7804
0.7452
0.7295999999999999
0.7267999999999999
0.7492
0.7427999999999999
0.7335999999999998
0.768
0.7556
0.7724
0.7844
0.7363999999999999
0.6584000000000001
0.7375999999999999
0.7892
0.722
0.7824000000000001
0.7152000000000001
0.7343999999999999
0.7128
0.7644
0.7700000000000001
0.7096
0.7460000000000001
0.7204
0.7700000000000001
0.7416
0.7492000000000001
0.7108000000000001
0.7140000000000001
0.7116
0.7892
0.732
0.7348000000000001
0.7459999999999999
0.6579999999999999
0.7308
0.704
0.7752000000000001
0.7828
0.7988000000000001
0.7156
0.7804
0.7028
0.752
0.7836000000000001
0.7728
0.7087999999999999
0.7555999999999999
0.7872
0.7699999999999999
0.736
0.7924
0.7011999999999999
0.7836000000000001
0.7187999999999999
0.792
0.7148
0.784
0.7088
0.7156
0.7215999999999999
0.7295999999999999
0.7091999999999998
0.7572
0.7696
0.7756000000000001
0.728
0.7956000000000001
0.7727999999999999
0.7155999999999999
0.7232
0.7972
0.7768
0.7032
0.7664
0.7243999999999999
0.7051999999999999
0.7184
0.7828000000000002
0.7272
0.786
0.7792
0.7136
0.7288
0.7228
0.7956
0.7859999999999999
0.7568
0.714
0.7651999999999999
0.7936
0.7388
0.7007999999999999
0.7736000000000001
0.7676000000000001
0.7712000000000001
0.7011999999999999
0.7776
0.7232000000000001
0.7652
0.7084
0.7499999999999999
0.7932
0.7888
0.764
0.766
0.734
0.7228000000000001
0.7432000000000001
0.7624
0.7588000000000001
0.7076
0.7464
0.7068
0.7688
0.6992
0.7216
0.7188
0.7348
0.774
0.7127999999999999
0.714
0.758
0.7468
0.7108000000000001
0.784
0.7312000000000001
0.7076
0.71
0.7632
0.7103999999999999
0.7484
0.7592000000000001
0.7916000000000001
0.7916000000000001
0.7571999999999999
0.7144
0.7472
0.7564
0.7664
0.7068
0.7103999999999999
0.7123999999999999
0.7867999999999999
0.7455999999999999
0.718
0.7916000000000001
0.7372
0.7148
0.7292
0.7632
0.6476
0.7155999999999999
0.7144
0.7704000000000001
0.7116
0.7236
0.7072
0.6992
0.7011999999999999
0.7564
0.7192
0.7008
0.7031999999999999
0.7356
0.7248
0.7247999999999999
0.756
0.7228
0.7335999999999999
0.7575999999999999
0.7264
0.7615999999999999
0.7283999999999999
0.736
0.7964
0.7284
0.7455999999999999
0.7375999999999999
0.7107999999999999
0.7984000000000001
0.7807999999999999
0.7272000000000001
0.7312
0.7636
0.7215999999999999
0.7776
0.7135999999999999
0.786
0.7048
0.728
0.7472
0.7888
0.7228
0.7247999999999999
0.7064
0.7508000000000001
0.7251999999999998
0.42040000000000005
0.708
0.7167999999999999
0.7847999999999999
0.5608
0.778
0.7188
0.7011999999999999
0.7051999999999999
0.7964
0.7048
0.7051999999999999
0.7051999999999999
0.7756000000000001
0.7716000000000001
0.7539999999999999
0.7507999999999999
0.7047999999999999
0.7436
0.7112
0.764
0.7236
0.7268
0.7752000000000001
0.7596
0.7712
0.7516
0.6992
0.7952
0.7964
0.7352
0.7727999999999999
0.7744
0.7528
0.7644
0.7055999999999999
0.7087999999999999
0.7992000000000001
0.7388
0.7236
0.7023999999999999
0.79
0.7687999999999999
0.5932000000000001
0.7868
0.7128
0.768
0.7484
0.7476
0.6487999999999999
0.718
0.7576
0.7368
0.7916000000000001
0.7091999999999999
0.7556
0.5755999999999999
0.7219999999999999
0.7776000000000001
0.7620000000000001
0.7043999999999999
0.714
0.7092
0.7452
0.7032
0.7455999999999999
0.7368
0.7312
0.7892
0.78
0.772
0.7308
0.7647999999999999
0.7776
0.6692
0.76
0.704
0.7727999999999999
0.7448
0.7876
0.7816
0.7924000000000001
0.7500000000000001
0.7263999999999999
0.7392
0.7719999999999999
0.7672000000000001
0.7968
0.7535999999999999
0.7672000000000001
0.7832000000000001
0.7408
0.786
0.7611999999999999
0.7071999999999999
0.7264
0.7856
0.7552
0.788
0.7864000000000001
0.7884
0.7972
0.7295999999999999
0.7232
0.796
0.778
0.7043999999999999
0.7888
0.5696000000000001
0.7247999999999999
0.7756000000000001
0.7952
0.7087999999999999
0.7988
0.7295999999999999
0.7628
0.7508000000000001
0.7944000000000001
0.782
0.7932
0.7928000000000001
0.7556
0.704
0.7235999999999999
0.6996
0.7432000000000001
0.7352
0.7532
0.7063999999999999
0.7512000000000001
0.7276
0.7732000000000001
0.7552
0.7836000000000001
0.7123999999999999
0.5843999999999999
0.7868
0.7027999999999999
0.7532
0.7167999999999999
0.732
0.7948000000000001
0.7864
0.7156
0.7352000000000001
0.71
0.732
0.7864000000000001
0.7804
0.7055999999999999
0.7844000000000001
0.7055999999999999
0.7047999999999999
0.7552000000000001
0.6988
0.5635999999999999
0.7532
0.7616
0.7624
0.7928
0.74
0.5724
0.7075999999999999
0.7044
0.7144
0.7395999999999999
0.7672
0.728
0.7699999999999999
0.7444
0.7768
0.7724
0.7196
0.7544
0.7596
0.7384000000000001
0.7268
0.7820000000000001
0.7776
0.7872
0.7068
0.79
0.7928
0.7484
0.7804
0.7243999999999999
0.7692
0.7668000000000001
0.7068
0.7876
0.7652
0.7472000000000001
0.7023999999999999
0.7916000000000001
0.7135999999999999
0.766
0.7512000000000001
0.736
0.7832000000000001
0.7272
0.7812000000000001
0.7043999999999999
0.7328
0.764
0.7968
0.7988000000000001
0.7656000000000001
0.7352000000000001
0.7068
0.7936
0.7932
0.7088
0.7484
0.7284
0.7872
0.744
0.7724
0.7644
0.7396
0.7912000000000001
0.7676000000000001
0.7060000000000001
0.7123999999999999
0.7612000000000001
0.7959999999999999
0.7548
0.7016
0.7632
0.7083999999999999
0.7636
0.79
0.7183999999999999
0.6572
0.7668
0.79
0.782
0.7872
0.7704000000000001
0.712
0.6587999999999999
0.734
0.75
0.7375999999999999
0.764
0.7844000000000001
0.712
0.776
0.7756000000000001
0.7140000000000001
0.7448
0.7068
0.5708
0.7692
0.7540000000000001
0.7011999999999999
0.732
0.7668
0.7587999999999999
0.7832000000000001
0.7776000000000001
0.7267999999999999
0.7407999999999999
0.7788
0.6527999999999999
0.772
0.7596
0.7087999999999999
0.7944000000000001
0.7576
0.7896000000000001
0.6516
0.7436
0.7048
0.7175999999999999
0.7607999999999999
0.7772
0.78
0.766
0.7592
0.7103999999999999
0.7356
0.7252
0.7424000000000001
0.788
0.7360000000000001
0.7487999999999999
0.7832
0.7412
0.798
0.7807999999999999
0.7128
0.7364
0.7184
0.7968
0.782
0.7003999999999999
0.7415999999999999
0.7884
0.7299999999999999
0.7304
0.7315999999999999
0.734
0.7336
0.7087999999999999
0.7283999999999999
0.726
0.7332000000000001
0.7496
0.7187999999999999
0.7364
0.7031999999999998
0.7195999999999999
0.7464000000000001
0.7243999999999999
0.7636
0.7804
0.7632000000000001
0.7156
0.7936
0.8968
0.8148
0.8267999999999999
0.8572
0.8695999999999999
0.8692
0.8080000000000002
0.8908000000000001
0.8272
0.8068000000000002
0.8088000000000001
0.892
0.8128
0.8591999999999999
0.8108000000000001
0.8299999999999998
0.8888
0.8231999999999999
0.8812
0.868
0.8231999999999999
0.8712
0.8048
0.874
0.8708
0.8272
0.8640000000000001
0.8827999999999999
0.8048
0.8384
0.8136000000000001
0.8404
0.8692
0.8792
0.8131999999999999
0.7984000000000001
0.8832000000000001
0.844
0.8288
0.8788
0.8148
0.8412
0.7991999999999999
0.8356
0.8288
0.8836
0.8148
0.8255999999999999
0.8068000000000002
0.8852
0.8392
0.8092
0.8667999999999999
0.8412
0.8744
0.8652
0.8
0.818
0.8187999999999999
0.8356
0.892
0.8907999999999999
0.8347999999999999
0.8104000000000001
0.8904
0.8864000000000001
0.8768
0.8068000000000002
0.8775999999999999
0.812
0.8792
0.8907999999999999
0.8768
0.8168
0.8235999999999999
0.8104000000000001
0.8484
0.8952
0.8704000000000001
0.8692
0.8
0.8924000000000001
0.8808
0.8228
0.844
0.8892000000000001
0.8468
0.8752000000000001
0.8455999999999999
0.8652
0.8468
0.8832000000000001
0.8572
0.8516
0.7996000000000001
0.8276
0.8751999999999999
0.8123999999999999
0.8880000000000001
0.8408
0.8356
0.8560000000000001
0.8404
0.8852
0.8907999999999999
0.8215999999999999
0.8892000000000001
0.8371999999999999
0.8443999999999999
0.8912000000000001
0.834
0.8956
0.8291999999999999
0.8956
0.8068000000000002
0.8459999999999999
0.8051999999999999
0.8244
0.8116
0.8044
0.8724000000000001
0.8432000000000001
0.8672000000000001
0.8068
0.8196
0.8503999999999999
0.8779999999999999
0.89
0.8175999999999999
0.8068000000000002
0.8888
0.8764
0.8924000000000001
0.8484
0.876
0.8171999999999999
0.8827999999999999
0.8788
0.8747999999999999
0.8756
0.8248
0.8328
0.8527999999999999
0.8639999999999999
0.8119999999999999
0.8311999999999999
0.8144
0.8187999999999999
0.836
0.8032
0.8535999999999999
0.834
0.8792
0.7988000000000001
0.8876
0.8548
0.7988000000000001
0.8583999999999999
0.8852
0.876
0.8236000000000001
0.8219999999999998
0.8924000000000001
0.8488
0.8028000000000001
0.8780000000000001
0.8008000000000001
0.8896000000000001
0.8632
0.8128
0.8664
0.8735999999999999
0.86
0.8187999999999999
0.8080000000000002
0.8764
0.812
0.8324
0.8804000000000001
0.8884000000000001
0.8395999999999999
0.8952
0.8143999999999998
0.8799999999999999
0.8287999999999999
0.8848
0.882
0.8892000000000001
0.89
0.8583999999999999
0.8148
0.8744
0.8747999999999999
0.8383999999999998
0.8936
0.8308
0.8532
0.8452
0.8928
0.8048
0.8548
0.8552
0.8555999999999999
0.8863999999999999
0.8792
0.8028000000000001
0.8108000000000001
0.8039999999999999
0.8084
0.8
0.8308
0.8808
0.8792
0.8427999999999999
0.8295999999999999
0.8288
0.8535999999999999
0.8408
0.8311999999999999
0.8676
0.8583999999999999
0.8775999999999999
0.8836
0.8379999999999999
0.8364
0.836
0.8892
0.8272
0.8828000000000001
0.8164
0.8371999999999999
0.8132000000000001
0.8656
0.8548
0.8128
0.8468
0.8204
0.8732
0.8452
0.8475999999999999
0.8176
0.8148
0.8144
0.8864000000000001
0.8308
0.8368
0.8492
0.8367999999999999
0.8295999999999999
0.8028000000000001
0.8751999999999999
0.8827999999999999
0.892
0.8192
0.8772
0.804
0.8552
0.8808
0.8712
0.8088000000000001
0.8560000000000001
0.8847999999999999
0.8652
0.8356
0.8896000000000001
0.8
0.8815999999999999
0.8188000000000001
0.892
0.8136000000000001
0.8836
0.8084
0.8171999999999999
0.8283999999999999
0.8300000000000001
0.8092
0.8572
0.8732000000000001
0.8712
0.8248
0.89
0.8684
0.8144
0.82
0.892
0.8808
0.8008000000000001
0.8692
0.826
0.804
0.8164
0.8804000000000001
0.8291999999999999
0.8852
0.8779999999999999
0.8135999999999999
0.8288
0.826
0.8904
0.8804000000000001
0.8552
0.818
0.8628
0.8932
0.8368
0.8008000000000001
0.8792
0.8640000000000001
0.8592000000000001
0.7988000000000001
0.8804000000000001
0.8251999999999999
0.8652
0.8112
0.8532
0.8907999999999999
0.8852
0.8640000000000001
0.8608
0.8352
0.8276
0.8423999999999999
0.868
0.8583999999999999
0.8096
0.8468
0.8068000000000002
0.8612
0.7992
0.8215999999999999
0.8187999999999999
0.8371999999999999
0.8796000000000002
0.8099999999999999
0.8140000000000001
0.8524
0.8408
0.8151999999999999
0.8808
0.8248
0.8076000000000001
0.8148
0.8632
0.8124
0.8452
0.8612
0.89
0.8896000000000001
0.8496
0.8168
0.8488
0.8539999999999999
0.8671999999999999
0.8096
0.8103999999999999
0.8152000000000001
0.8804000000000001
0.8472
0.8192
0.8888
0.8392
0.8136000000000001
0.8324
0.8608
0.8267999999999999
0.8092
0.8144
0.8692
0.8144
0.8283999999999999
0.8071999999999999
0.798
0.7988000000000001
0.8608
0.818
0.8008
0.8032
0.836
0.826
0.8235999999999999
0.8535999999999999
0.8236000000000001
0.8364
0.8552
0.8288
0.8656
0.8276
0.8423999999999999
0.8940000000000001
0.8267999999999999
0.8459999999999999
0.8379999999999999
0.8108000000000001
0.8956
0.8836
0.8248
0.8287999999999999
0.8664
0.8187999999999999
0.8812
0.8164
0.8852
0.8064
0.8303999999999998
0.8472
0.882
0.8228
0.8256
0.8096
0.8524
0.8240000000000001
0.8432000000000001
0.8096
0.8168
0.882
0.8240000000000001
0.8824
0.8168
0.7988000000000001
0.8039999999999999
0.89
0.8048
0.8044
0.8036000000000001
0.8775999999999999
0.8724000000000001
0.8572
0.8507999999999999
0.8048
0.8443999999999999
0.8135999999999999
0.8587999999999999
0.8231999999999999
0.8267999999999999
0.8751999999999999
0.8607999999999999
0.8712
0.8552
0.7956
0.892
0.8956
0.8347999999999999
0.8752000000000001
0.8775999999999999
0.8532
0.8612
0.8056000000000001
0.8088000000000001
0.8804000000000001
0.8408
0.8263999999999999
0.7992000000000001
0.89
0.8695999999999999
0.8587999999999999
0.884
0.8155999999999999
0.8632
0.8472
0.8496
0.8267999999999999
0.818
0.8583999999999999
0.8368
0.8888
0.8164
0.8564
0.8352
0.8204
0.8783999999999998
0.8619999999999999
0.8044
0.8176
0.8112
0.8468
0.8
0.8459999999999999
0.8392
0.8315999999999999
0.8868
0.8836
0.8712
0.8324
0.8684
0.8779999999999999
0.8488
0.8672000000000001
0.8103999999999999
0.8632
0.8472
0.882
0.8804000000000001
0.8868
0.8492
0.8248
0.8412
0.8736
0.8719999999999999
0.8960000000000001
0.8492
0.8672000000000001
0.8827999999999999
0.8428000000000001
0.8848
0.8543999999999998
0.8056000000000001
0.8320000000000001
0.884
0.8572
0.8824
0.8832000000000001
0.8888
0.8916000000000001
0.8295999999999999
0.82
0.8939999999999999
0.8747999999999999
0.8
0.89
0.8300000000000001
0.8248
0.8712
0.8928
0.8088000000000001
0.8936
0.8288
0.8624
0.8492
0.8916000000000001
0.8827999999999999
0.8907999999999999
0.8907999999999999
0.8535999999999999
0.804
0.8244
0.7988
0.8423999999999999
0.8331999999999999
0.852
0.8039999999999999
0.8576
0.8276
0.8744
0.8552
0.8804000000000001
0.8092
0.8472
0.8868
0.8039999999999999
0.8532
0.8183999999999999
0.8320000000000001
0.8948
0.8852
0.8188000000000001
0.8388
0.8080000000000002
0.8328
0.8868
0.8796000000000002
0.8084
0.8836
0.8024000000000001
0.8048000000000002
0.8552
0.7988000000000001
0.8263999999999999
0.8548
0.8632
0.8672000000000001
0.89
0.8392
0.8331999999999999
0.8076000000000001
0.8012
0.8192
0.8432000000000001
0.8687999999999999
0.8311999999999999
0.8752000000000001
0.8472
0.8768
0.8775999999999999
0.8244
0.8596
0.8512000000000001
0.8384
0.8267999999999999
0.8828000000000001
0.8779999999999999
0.8847999999999999
0.8068000000000002
0.89
0.89
0.8507999999999999
0.8788
0.8228
0.8692
0.8671999999999999
0.8068000000000002
0.8804000000000001
0.8652
0.8492
0.8
0.8916000000000001
0.8168
0.8619999999999999
0.8608
0.8375999999999999
0.8788
0.8251999999999999
0.8824
0.8044
0.834
0.8788
0.892
0.8932
0.866
0.8352
0.8068000000000002
0.8879999999999999
0.8907999999999999
0.8088000000000001
0.8492
0.8295999999999999
0.8847999999999999
0.8412
0.8732
0.8612
0.8408
0.8888
0.8516
0.806
0.8123999999999999
0.86
0.8940000000000001
0.8503999999999999
0.8016
0.866
0.8068
0.8652
0.8844000000000001
0.8208
0.8328
0.8664
0.8844000000000001
0.8836
0.884
0.8712
0.8108000000000001
0.8408
0.8379999999999999
0.8512000000000001
0.8379999999999999
0.8676
0.8824
0.8151999999999999
0.8824
0.8792
0.8168
0.8448
0.8076000000000001
0.8347999999999999
0.8724000000000001
0.8523999999999999
0.7988000000000001
0.8291999999999999
0.8724000000000001
0.8587999999999999
0.8832000000000001
0.8712
0.826
0.8408
0.8788
0.8396000000000001
0.8732000000000001
0.86
0.8119999999999999
0.8952
0.8532
0.8888
0.8288
0.8468
0.8064
0.818
0.8620000000000001
0.8772
0.8800000000000001
0.8692
0.8528
0.8104000000000001
0.836
0.8251999999999999
0.8472
0.8872
0.8364
0.8448
0.8748000000000001
0.8416
0.8944000000000001
0.8804000000000001
0.8128
0.8347999999999999
0.8168
0.892
0.8812
0.8012
0.8452
0.882
0.8324
0.8291999999999999
0.8335999999999999
0.8328
0.836
0.8088000000000001
0.8252
0.8251999999999999
0.8336
0.852
0.8240000000000001
0.8348000000000001
0.8028000000000001
0.8171999999999999
0.8492
0.8248
0.8648
0.8804000000000001
0.8692
0.8192
0.8904
