0.34879472
0.37914814
0.29774289
0.29334717
0.37006833
0.36653443
0.40254717
0.43893282
0.45563257
0.49835983
0.43869743
0.50515442
0.53379442
0.48785189
0.5862456
0.61070508
0.60156978
0.6250005
0.61035736
0.61451756
0.61527804
0.6077133
0.58535673
0.59410213
0.61357251
0.64457604
0.66538191
0.65489562
0.71421034
0.74055103
0.75834972
0.76514775
0.78138531
0.80105535
0.79698475
0.78406245
0.79612338
0.82163776
0.8404266
0.84099069
0.82529479
0.76125591
0.69778217
0.56021978
0.56691302
0.11939942
0.06731874
0.06952586
0.11186185
0.12527266
0.17132103
0.34645437
0.42585381
0.48504783
0.47403454
0.46191177
0.46557437
0.47680997
0.56568361
0.52466204
0.61418963
0.65680751
0.61807402
0.60160271
0.56140295
0.590557
0.59802434
0.61357367
0.62469282
0.63315366
0.6700969
0.67352731
0.67154961
0.7130186
0.72025967
0.71240243
0.71997247
0.71846121
0.72786154
0.74567133
0.77537582
0.80468019
0.80170692
0.8349892
0.8555561
0.84443784
0.84860149
0.73224641
0.64788548
0.61071771
0.062328
0.04724785
0.05854872
0.07884336
0.10065692
0.10299011
0.14985446
0.16524706
0.24074003
0.31620864
0.3806022
0.4803315
0.52882766
0.53213365
0.57616641
0.63811084
0.63665959
0.63519145
0.57122909
0.54993488
0.54432657
0.59045725
0.63667901
0.65836764
0.61572188
0.62344266
0.65972504
0.68102349
0.66426524
0.68217947
0.67771109
0.67500511
0.69231547
0.7089867
0.75840251
0.79579388
0.80888638
0.83628753
0.88129026
0.88075967
0.85506408
0.80123402
0.62021696
0.56508862
0.05784498
0.04823519
0.04401102
0.0612581
0.07813473
0.08954428
0.12403726
0.14232142
0.17590296
0.17202799
0.20349173
0.22968143
0.4837423
0.58107123
0.55447509
0.63392856
0.63791612
0.59943608
0.5439787
0.56936029
0.52237685
0.57025274
0.56847432
0.57510466
0.56440768
0.56457195
0.5770621
0.6028331
0.63469538
0.64999866
0.65710389
0.6703805
0.68068605
0.68629113
0.70909868
0.73207702
0.7811038
0.81024714
0.84358453
0.88833649
0.89932299
0.86806428
0.84168319
0.58192259
0.64575469
0.04179343
0.04357897
0.04548994
0.06171515
0.07939808
0.09330391
0.11821248
0.13550465
0.16138321
0.17761001
0.1938149
0.2100453
0.27855782
0.37967784
0.39463504
0.42872017
0.46275368
0.44481319
0.44057642
0.46924588
0.49330434
0.5038614
0.48723974
0.48691864
0.50146359
0.51664935
0.55623539
0.5861082
0.61564396
0.63709005
0.65002059
0.66817618
0.67449914
0.68313839
0.71481941
0.7450177
0.76794836
0.80212961
0.83339986
0.87923021
0.91845743
0.9008033
0.63163133
0.59564026
0.03850901
0.03452561
0.0464948
0.07585172
0.09441697
0.09933969
0.11272363
0.1336464
0.17003128
0.17930893
0.19339332
0.22358586
0.26504951
0.2711937
0.28319057
0.35417549
0.39685029
0.40767257
0.41205983
0.4329975
0.46161649
0.46183734
0.47184641
0.48695309
0.49609259
0.51265114
0.54403657
0.56288953
0.60560888
0.6292629
0.65422933
0.67386036
0.68039335
0.68688299
0.71078293
0.74911863
0.78838612
0.81053618
0.83289763
0.86096692
0.92449669
0.92482514
0.87525744
0.61397919
0.64568155
0.02612306
0.03179776
0.03715924
0.07703498
0.10042102
0.11041929
0.11751071
0.11673689
0.17168893
0.18472991
0.1989531
0.2336653
0.2795981
0.28634275
0.29421275
0.35257819
0.39693945
0.40302272
0.39986068
0.43193487
0.45200416
0.45387431
0.47744507
0.49418881
0.50287389
0.52702885
0.5582892
0.57264504
0.60511352
0.62685072
0.65276251
0.67802929
0.68525449
0.6946154
0.72522237
0.74324725
0.7872185
0.81345889
0.84157698
0.87125096
0.91976514
0.9323465
0.65413045
0.61786792
